sample_site_code	sample_year	sample_month	sample_day	sample_hour	sample_minute	sample_seconds	analysis_value
ICE	1992	10	2	16	18	0	351.92
ICE	1992	10	2	16	18	0	351.85
ICE	1992	10	8	10	15	0	350.27
ICE	1992	10	8	10	15	0	351.56
ICE	1992	10	15	10	55	0	351.54
ICE	1992	10	15	10	55	0	351.52
ICE	1992	10	21	18	45	0	352.55
ICE	1992	10	21	18	45	0	354.49
ICE	1992	10	27	21	25	0	353.72
ICE	1992	10	27	21	25	0	354.2
ICE	1992	11	3	15	20	0	351.83
ICE	1992	11	3	15	20	0	355.75
ICE	1992	11	10	13	59	0	356.26
ICE	1992	11	10	13	59	0	356.41
ICE	1992	11	18	11	12	0	346.79
ICE	1992	11	18	11	12	0	357.43
ICE	1992	11	24	14	47	0	358.13
ICE	1992	11	24	14	47	0	358.49
ICE	1992	12	2	14	30	0	357.93
ICE	1992	12	2	14	30	0	358.96
ICE	1992	12	8	21	30	0	366.08
ICE	1992	12	8	21	30	0	357.57
ICE	1992	12	16	13	55	0	361.57
ICE	1992	12	16	13	55	0	362.17
ICE	1992	12	22	8	35	0	351.46
ICE	1992	12	22	8	35	0	358.15
ICE	1992	12	31	11	20	0	359.62
ICE	1992	12	31	11	20	0	360.17
ICE	1993	1	6	13	18	0	357.43
ICE	1993	1	6	13	18	0	360.87
ICE	1993	1	16	1	20	0	360.06
ICE	1993	1	16	1	20	0	360.36
ICE	1993	1	22	14	55	0	360.16
ICE	1993	1	22	14	55	0	360.15
ICE	1993	1	27	22	55	0	361.28
ICE	1993	1	27	22	55	0	361.23
ICE	1993	2	3	18	43	0	357.93
ICE	1993	2	3	18	43	0	361.41
ICE	1993	2	14	10	34	0	360.79
ICE	1993	2	14	10	34	0	360.79
ICE	1993	2	20	16	24	0	360.13
ICE	1993	2	20	16	24	0	361.32
ICE	1993	3	1	15	45	0	361.37
ICE	1993	3	1	15	45	0	361.38
ICE	1993	3	6	17	0	0	361.95
ICE	1993	3	6	17	0	0	362.09
ICE	1993	3	11	10	35	0	366.85
ICE	1993	3	11	10	35	0	365.69
ICE	1993	3	17	12	16	0	361.8
ICE	1993	3	17	12	16	0	361.82
ICE	1993	3	30	11	33	0	362.1
ICE	1993	3	30	11	33	0	362.05
ICE	1993	4	5	11	35	0	366.15
ICE	1993	4	5	11	35	0	366.19
ICE	1993	4	20	16	50	0	362.77
ICE	1993	4	20	16	50	0	362.75
ICE	1993	4	26	14	56	0	362.7
ICE	1993	4	26	14	56	0	362.69
ICE	1993	5	3	16	54	0	361.21
ICE	1993	5	3	16	54	0	361.77
ICE	1993	5	10	10	11	0	360.26
ICE	1993	5	10	10	11	0	360.31
ICE	1993	5	20	9	56	0	361.81
ICE	1993	5	20	9	56	0	360.92
ICE	1993	5	24	10	53	0	360.57
ICE	1993	5	24	10	53	0	360.83
ICE	1993	6	2	10	3	0	362.78
ICE	1993	6	2	10	3	0	362.76
ICE	1993	6	7	11	31	0	361.1
ICE	1993	6	7	11	31	0	361.02
ICE	1993	6	15	11	9	0	363.28
ICE	1993	6	15	11	9	0	363.33
ICE	1993	6	21	17	1	0	357.13
ICE	1993	6	21	17	1	0	357.03
ICE	1993	6	28	16	4	0	355.87
ICE	1993	6	28	16	4	0	355.89
ICE	1993	7	5	22	44	0	352.95
ICE	1993	7	5	22	44	0	352.97
ICE	1993	7	13	17	33	0	353.28
ICE	1993	7	13	17	33	0	353.27
ICE	1993	7	21	10	13	0	351.66
ICE	1993	7	21	10	13	0	351.66
ICE	1993	7	27	13	40	0	346.43
ICE	1993	8	5	10	1	0	349.2
ICE	1993	8	5	10	1	0	349.16
ICE	1993	8	10	12	15	0	349
ICE	1993	8	10	12	15	0	348.78
ICE	1993	8	17	9	30	0	346.7
ICE	1993	8	17	9	30	0	346.69
ICE	1993	8	25	23	45	0	346.93
ICE	1993	8	25	23	45	0	346.88
ICE	1993	8	31	18	41	0	349.02
ICE	1993	8	31	18	41	0	349.03
ICE	1993	9	9	14	20	0	350.04
ICE	1993	9	9	14	20	0	349.93
ICE	1993	9	15	9	51	0	349.42
ICE	1993	9	15	9	51	0	349.39
ICE	1993	9	22	11	17	0	350.34
ICE	1993	9	22	11	17	0	350.32
ICE	1993	9	27	14	31	0	350.42
ICE	1993	9	27	14	31	0	350.27
ICE	1993	10	13	12	16	0	353.44
ICE	1993	10	13	12	16	0	353.39
ICE	1993	10	14	10	39	0	354.56
ICE	1993	10	14	10	39	0	354.52
ICE	1993	10	18	18	17	0	353.53
ICE	1993	10	18	18	17	0	353.42
ICE	1993	10	25	9	37	0	354.55
ICE	1993	10	25	9	37	0	354.53
ICE	1993	11	1	16	23	0	358.27
ICE	1993	11	1	16	23	0	358.18
ICE	1993	11	11	18	35	0	356.93
ICE	1993	11	11	18	35	0	356.96
ICE	1993	11	16	16	49	0	357.54
ICE	1993	11	16	16	49	0	357.48
ICE	1993	11	24	10	20	0	361.36
ICE	1993	11	24	10	20	0	361.36
ICE	1993	11	29	11	10	0	365.22
ICE	1993	11	29	11	10	0	365.26
ICE	1993	12	7	15	12	0	357.88
ICE	1993	12	7	15	12	0	360.34
ICE	1993	12	16	10	18	0	362.16
ICE	1993	12	16	10	18	0	362.2
ICE	1994	1	6	21	23	0	363.58
ICE	1994	1	6	21	23	0	363.57
ICE	1994	1	12	13	37	0	365.49
ICE	1994	1	12	13	37	0	365.46
ICE	1994	1	19	17	35	0	361.8
ICE	1994	1	19	17	35	0	361.79
ICE	1994	1	26	18	40	0	362
ICE	1994	1	26	18	40	0	362.01
ICE	1994	2	7	16	50	0	361.72
ICE	1994	2	7	16	50	0	361.64
ICE	1994	2	14	15	51	0	361.6
ICE	1994	2	14	15	51	0	361.58
ICE	1994	2	28	18	33	0	362.45
ICE	1994	2	28	18	33	0	362.39
ICE	1994	3	7	10	41	0	363.24
ICE	1994	3	7	10	41	0	363.21
ICE	1994	3	28	14	24	0	361.71
ICE	1994	3	28	14	24	0	363.7
ICE	1994	4	5	14	33	0	363.73
ICE	1994	4	5	14	33	0	363.7
ICE	1994	4	11	18	48	0	363.89
ICE	1994	4	11	18	48	0	363.84
ICE	1994	4	18	13	28	0	363.32
ICE	1994	4	18	13	28	0	363.31
ICE	1994	4	27	18	28	0	364.08
ICE	1994	4	27	18	28	0	364.04
ICE	1994	5	3	8	22	0	363.95
ICE	1994	5	3	8	22	0	363.83
ICE	1994	5	18	18	27	0	362.75
ICE	1994	5	18	18	27	0	362.72
ICE	1994	5	24	13	18	0	362.58
ICE	1994	5	24	13	18	0	362.44
ICE	1994	5	30	22	10	0	361.18
ICE	1994	5	30	22	10	0	361.16
ICE	1994	6	6	9	37	0	361.4
ICE	1994	6	6	9	37	0	361.36
ICE	1994	6	23	23	56	0	360.17
ICE	1994	6	23	23	56	0	360.03
ICE	1994	6	29	12	12	0	359.19
ICE	1994	6	29	12	12	0	359.02
ICE	1994	7	4	11	54	0	357.76
ICE	1994	7	4	11	54	0	357.57
ICE	1994	7	13	12	10	0	355.43
ICE	1994	7	13	12	10	0	355.45
ICE	1994	8	10	13	54	0	350.95
ICE	1994	8	10	13	54	0	350.89
ICE	1994	8	16	8	42	0	350.53
ICE	1994	8	16	8	42	0	350.48
ICE	1994	8	24	13	20	0	349.26
ICE	1994	8	24	13	20	0	349.22
ICE	1994	8	31	16	5	0	349.2
ICE	1994	8	31	16	5	0	349.03
ICE	1994	9	26	12	20	0	353.04
ICE	1994	9	26	12	20	0	352.98
ICE	1994	10	5	9	26	0	352.87
ICE	1994	10	5	9	26	0	355.84
ICE	1994	10	17	8	44	0	356.23
ICE	1994	10	17	8	44	0	356.2
ICE	1994	10	24	11	49	0	358.37
ICE	1994	10	24	11	49	0	358.35
ICE	1994	11	2	13	40	0	358.84
ICE	1994	11	2	13	40	0	358.81
ICE	1994	11	8	13	54	0	361.66
ICE	1994	11	8	13	54	0	361.63
ICE	1994	11	19	10	0	0	364.08
ICE	1994	11	19	10	0	0	364.05
ICE	1994	11	23	12	25	0	360.38
ICE	1994	11	23	12	25	0	360.44
ICE	1994	12	6	21	6	0	355.9
ICE	1994	12	6	21	6	0	360.79
ICE	1994	12	13	15	49	0	361.12
ICE	1994	12	13	15	49	0	360.68
ICE	1995	1	4	21	8	0	362.73
ICE	1995	1	4	21	8	0	363.11
ICE	1995	1	10	22	0	0	362.32
ICE	1995	1	20	15	35	0	362.89
ICE	1995	1	20	15	35	0	362.81
ICE	1995	1	27	23	5	0	363.79
ICE	1995	1	27	23	5	0	363.67
ICE	1995	2	21	13	20	0	365.04
ICE	1995	2	21	13	20	0	364.98
ICE	1995	2	27	15	50	0	366.11
ICE	1995	2	27	15	50	0	366.24
ICE	1995	4	8	10	31	0	360.99
ICE	1995	4	8	10	31	0	366.03
ICE	1995	4	21	13	45	0	365.79
ICE	1995	4	21	13	45	0	365.64
ICE	1995	5	29	9	50	0	363.65
ICE	1995	5	29	9	50	0	363.61
ICE	1995	6	8	12	56	0	361.33
ICE	1995	6	8	12	56	0	361.06
ICE	1995	7	10	16	6	0	357.73
ICE	1995	7	10	16	6	0	357.75
ICE	1995	7	19	18	35	0	356.25
ICE	1995	7	19	18	35	0	356.22
ICE	1995	8	15	18	55	0	-999.99
ICE	1995	8	15	18	55	0	352.15
ICE	1995	8	22	10	36	0	351.24
ICE	1995	8	22	10	36	0	351.11
ICE	1995	9	24	17	40	0	354.23
ICE	1995	9	24	17	40	0	352.98
ICE	1995	10	5	10	50	0	355.05
ICE	1995	10	5	10	50	0	354.91
ICE	1995	11	10	16	5	0	361.65
ICE	1995	11	10	16	5	0	361.69
ICE	1995	11	16	13	22	0	362.6
ICE	1995	11	16	13	22	0	362.55
ICE	1996	1	28	11	33	0	366.1
ICE	1996	1	28	11	33	0	366.13
ICE	1996	2	5	15	12	0	366.29
ICE	1996	2	5	15	12	0	366.28
ICE	1996	2	13	16	12	0	369.45
ICE	1996	2	20	16	28	0	365.8
ICE	1996	2	20	16	28	0	365.69
ICE	1996	3	6	19	0	0	358.56
ICE	1996	3	6	19	0	0	364.35
ICE	1996	3	13	14	50	0	366.27
ICE	1996	3	13	14	50	0	366.33
ICE	1996	3	23	17	30	0	367.04
ICE	1996	3	23	17	30	0	366.88
ICE	1996	4	2	15	16	0	367.21
ICE	1996	4	2	15	16	0	367.21
ICE	1996	4	16	18	46	0	367.19
ICE	1996	4	16	18	46	0	367.11
ICE	1996	4	23	16	35	0	367.22
ICE	1996	4	23	16	35	0	367.16
ICE	1996	5	11	18	25	0	367.23
ICE	1996	5	11	18	25	0	367.2
ICE	1996	5	17	22	36	0	367.32
ICE	1996	5	17	22	36	0	367.34
ICE	1996	5	27	23	42	0	366.11
ICE	1996	5	27	23	42	0	366.34
ICE	1996	6	4	10	30	0	365.49
ICE	1996	7	8	3	29	0	362.55
ICE	1996	7	8	3	29	0	362.63
ICE	1996	7	13	19	2	0	356.37
ICE	1996	7	13	19	2	0	356.22
ICE	1996	7	25	8	50	0	357.88
ICE	1996	7	25	8	50	0	357.92
ICE	1996	8	1	10	35	0	355.7
ICE	1996	8	1	10	35	0	355.55
ICE	1996	8	21	13	3	0	355.66
ICE	1996	8	21	13	3	0	355.65
ICE	1996	8	29	14	12	0	353.41
ICE	1996	8	29	14	12	0	353.15
ICE	1996	10	30	16	50	0	361.56
ICE	1996	10	30	16	50	0	361.53
ICE	1996	11	7	18	27	0	365.56
ICE	1996	11	7	18	27	0	366.45
ICE	1996	12	20	22	6	0	364.96
ICE	1996	12	20	22	6	0	364.99
ICE	1996	12	27	11	15	0	365.41
ICE	1997	1	11	12	17	0	365.73
ICE	1997	1	11	12	17	0	365.66
ICE	1997	1	16	23	54	0	366.45
ICE	1997	1	16	23	54	0	366.4
ICE	1997	2	14	11	14	0	366.53
ICE	1997	2	14	11	14	0	368.18
ICE	1997	2	19	10	35	0	362.15
ICE	1997	2	19	10	35	0	366.94
ICE	1997	3	6	21	2	0	366.56
ICE	1997	3	6	21	2	0	368.04
ICE	1997	3	13	18	6	0	366
ICE	1997	3	13	18	6	0	368.81
ICE	1997	4	13	17	27	0	368.84
ICE	1997	4	25	11	35	0	368.06
ICE	1997	4	25	11	35	0	368.92
ICE	1997	5	9	13	35	0	365.18
ICE	1997	5	9	13	35	0	368.17
ICE	1997	5	15	11	25	0	367.52
ICE	1997	5	15	11	25	0	367.72
ICE	1997	6	9	18	45	0	367.2
ICE	1997	6	9	18	45	0	367.15
ICE	1997	6	12	16	55	0	361.24
ICE	1997	6	12	16	55	0	361.14
ICE	1997	6	21	17	10	0	363.5
ICE	1997	6	21	17	10	0	363.44
ICE	1997	7	6	2	52	0	361.74
ICE	1997	7	6	2	52	0	361.72
ICE	1997	7	28	11	44	0	356.61
ICE	1997	7	28	11	44	0	356.56
ICE	1997	8	8	8	58	0	355.15
ICE	1997	8	8	8	58	0	355.11
ICE	1997	8	14	17	20	0	357.39
ICE	1997	8	14	17	20	0	357.32
ICE	1997	8	22	9	35	0	353.3
ICE	1997	8	22	9	35	0	352.88
ICE	1997	8	30	18	30	0	353.98
ICE	1997	8	30	18	30	0	353.98
ICE	1997	9	4	18	5	0	353.2
ICE	1997	9	4	18	5	0	353.23
ICE	1997	9	13	14	15	0	355.18
ICE	1997	9	13	14	15	0	355.53
ICE	1997	9	19	10	5	0	356
ICE	1997	9	19	10	5	0	355.91
ICE	1997	9	24	10	25	0	362.07
ICE	1997	9	24	10	25	0	361.85
ICE	1997	10	2	9	20	0	361.71
ICE	1997	10	2	9	20	0	361.36
ICE	1997	10	10	12	23	0	360.36
ICE	1997	10	10	12	23	0	360.39
ICE	1997	10	15	10	8	0	360.38
ICE	1997	10	15	10	8	0	360.32
ICE	1997	10	23	17	2	0	360.41
ICE	1997	10	23	17	2	0	360.48
ICE	1997	10	29	16	19	0	362.53
ICE	1997	10	29	16	19	0	362.25
ICE	1997	11	6	0	12	0	363.61
ICE	1997	11	6	0	12	0	363.38
ICE	1997	11	12	11	51	0	369.66
ICE	1997	11	12	11	51	0	369.55
ICE	1997	12	5	14	15	0	366.22
ICE	1997	12	5	14	15	0	366.2
ICE	1997	12	10	10	50	0	366.15
ICE	1997	12	10	10	50	0	366.24
ICE	1997	12	17	10	56	0	367.42
ICE	1997	12	17	10	56	0	367.31
ICE	1997	12	21	13	45	0	374.2
ICE	1997	12	30	12	58	0	367.88
ICE	1997	12	30	12	58	0	367.86
ICE	1998	1	5	9	52	0	372.21
ICE	1998	1	15	23	32	0	369.97
ICE	1998	1	15	23	32	0	369.97
ICE	1998	1	23	23	3	0	368.57
ICE	1998	1	23	23	3	0	368.44
ICE	1998	2	24	14	0	0	371.46
ICE	1998	2	24	14	0	0	371.48
ICE	1998	3	3	16	52	0	370.08
ICE	1998	3	3	16	52	0	370.11
ICE	1998	3	20	9	0	0	368.47
ICE	1998	3	20	9	0	0	368.52
ICE	1998	3	26	10	40	0	370
ICE	1998	3	26	10	40	0	370.09
ICE	1998	4	3	9	45	0	371.06
ICE	1998	4	3	9	45	0	371.09
ICE	1998	4	15	9	45	0	370.54
ICE	1998	4	15	9	45	0	370.37
ICE	1998	4	23	12	30	0	371.3
ICE	1998	4	23	12	30	0	371.18
ICE	1998	5	3	10	36	0	369.84
ICE	1998	5	3	10	36	0	369.67
ICE	1998	7	7	0	34	0	384.98
ICE	1998	7	7	0	34	0	364.19
ICE	1998	7	22	0	55	0	364.98
ICE	1998	7	22	0	55	0	364.64
ICE	1998	8	22	17	40	0	356.22
ICE	1998	8	22	17	40	0	356.24
ICE	1998	9	2	13	33	0	359.37
ICE	1998	9	2	13	33	0	359.65
ICE	1998	10	7	11	30	0	352.23
ICE	1998	10	7	11	30	0	362.59
ICE	1998	10	13	14	25	0	363.08
ICE	1998	10	13	14	25	0	362.99
ICE	1998	11	26	23	37	0	369.13
ICE	1998	11	26	23	37	0	369.12
ICE	1998	12	5	0	3	0	369.16
ICE	1998	12	5	0	3	0	369.13
ICE	1998	12	31	3	6	0	370.97
ICE	1998	12	31	3	6	0	370.96
ICE	1999	1	7	9	57	0	371.31
ICE	1999	1	7	9	57	0	371.29
ICE	1999	1	18	11	25	0	374.63
ICE	1999	1	18	11	25	0	374.74
ICE	1999	1	25	9	52	0	373.15
ICE	1999	1	25	9	52	0	373.6
ICE	1999	2	16	10	41	0	372.44
ICE	1999	2	16	10	41	0	372.55
ICE	1999	2	23	0	18	0	372.89
ICE	1999	2	23	0	18	0	373.06
ICE	1999	3	2	8	42	0	371.86
ICE	1999	3	2	8	42	0	373.54
ICE	1999	3	9	9	54	0	373.79
ICE	1999	3	9	9	54	0	373.76
ICE	1999	3	15	16	42	0	373.77
ICE	1999	3	15	16	42	0	373.78
ICE	1999	3	23	11	48	0	373.43
ICE	1999	3	23	11	48	0	373.44
ICE	1999	3	30	2	48	0	373.66
ICE	1999	3	30	2	48	0	373.71
ICE	1999	4	6	9	50	0	373.55
ICE	1999	4	6	9	50	0	373.44
ICE	1999	4	12	11	42	0	375.35
ICE	1999	4	12	11	42	0	375.36
ICE	1999	4	19	11	51	0	374.25
ICE	1999	4	19	11	51	0	374.31
ICE	1999	4	26	11	2	0	374.57
ICE	1999	4	26	11	2	0	374.59
ICE	1999	5	3	10	20	0	373.62
ICE	1999	5	3	10	20	0	373.55
ICE	1999	5	10	9	42	0	373.91
ICE	1999	5	10	9	42	0	373.87
ICE	1999	5	17	11	23	0	372.16
ICE	1999	5	17	11	23	0	372.22
ICE	1999	5	24	10	48	0	372.46
ICE	1999	5	24	10	48	0	371.94
ICE	1999	5	31	9	35	0	370.06
ICE	1999	5	31	9	35	0	369.96
ICE	1999	6	7	10	34	0	371.51
ICE	1999	6	7	10	34	0	371.47
ICE	1999	6	14	11	23	0	371.53
ICE	1999	6	14	11	23	0	371.5
ICE	1999	6	22	6	23	0	369.84
ICE	1999	6	22	6	23	0	369.79
ICE	1999	6	28	10	25	0	368.3
ICE	1999	6	28	10	25	0	368.31
ICE	1999	7	6	9	42	0	367.21
ICE	1999	7	6	9	42	0	366.97
ICE	1999	7	12	13	3	0	363.2
ICE	1999	7	12	13	3	0	363.14
ICE	1999	7	19	10	25	0	362.2
ICE	1999	7	19	10	25	0	362.05
ICE	1999	7	26	23	59	0	361.81
ICE	1999	7	26	23	59	0	361.79
ICE	1999	8	3	23	45	0	360.24
ICE	1999	8	3	23	45	0	360.21
ICE	1999	8	10	7	50	0	360.56
ICE	1999	8	10	7	50	0	360.61
ICE	1999	8	18	0	5	0	357.27
ICE	1999	8	18	0	5	0	357.22
ICE	1999	8	23	8	26	0	358.86
ICE	1999	8	23	8	26	0	358.84
ICE	1999	8	30	17	10	0	358.1
ICE	1999	8	30	17	10	0	358.05
ICE	1999	9	6	20	12	0	358.93
ICE	1999	9	6	20	12	0	358.99
ICE	1999	9	13	22	36	0	358.52
ICE	1999	9	13	22	36	0	358.54
ICE	1999	9	20	9	36	0	363.92
ICE	1999	9	20	9	36	0	363.91
ICE	1999	9	27	10	10	0	361.03
ICE	1999	9	27	10	10	0	361
ICE	1999	10	4	10	20	0	354.48
ICE	1999	10	4	10	20	0	362.3
ICE	1999	10	11	9	45	0	364.44
ICE	1999	10	11	9	45	0	364.31
ICE	1999	10	18	9	30	0	366.97
ICE	1999	10	18	9	30	0	367.01
ICE	1999	10	25	21	31	0	341.25
ICE	1999	10	25	21	31	0	367.21
ICE	1999	11	1	21	27	0	369.06
ICE	1999	11	1	21	27	0	369.1
ICE	1999	11	8	8	48	0	367.86
ICE	1999	11	8	8	48	0	367.75
ICE	1999	11	15	8	44	0	368.58
ICE	1999	11	15	8	44	0	368.56
ICE	1999	11	22	8	33	0	369.87
ICE	1999	11	22	8	33	0	370.05
ICE	1999	11	30	10	45	0	370.51
ICE	1999	11	30	10	45	0	370.58
ICE	1999	12	6	21	5	0	370.16
ICE	1999	12	6	21	5	0	370.04
ICE	1999	12	13	1	2	0	371.39
ICE	1999	12	13	1	2	0	371.42
ICE	1999	12	21	14	13	0	375.88
ICE	1999	12	21	14	13	0	375.68
ICE	1999	12	27	14	20	0	373.6
ICE	1999	12	27	14	20	0	373.48
ICE	2000	1	5	22	29	0	373.88
ICE	2000	1	5	22	29	0	373.96
ICE	2000	1	10	22	34	0	372.51
ICE	2000	1	10	22	34	0	372.53
ICE	2000	1	17	22	38	0	372.1
ICE	2000	1	17	22	38	0	372.09
ICE	2000	1	24	11	11	0	371.68
ICE	2000	1	24	11	11	0	371.55
ICE	2000	1	31	11	2	0	373.03
ICE	2000	1	31	11	2	0	373.1
ICE	2000	2	7	8	33	0	373.36
ICE	2000	2	7	8	33	0	373.39
ICE	2000	2	14	9	44	0	374.87
ICE	2000	2	14	9	44	0	374.57
ICE	2000	2	21	11	52	0	373.26
ICE	2000	2	21	11	52	0	373.45
ICE	2000	2	28	8	2	0	374.96
ICE	2000	2	28	8	2	0	374.79
ICE	2000	3	6	11	14	0	374.21
ICE	2000	3	6	11	14	0	374.16
ICE	2000	3	13	16	44	0	374.14
ICE	2000	3	13	16	44	0	374.29
ICE	2000	3	20	10	35	0	374.8
ICE	2000	3	20	10	35	0	374.71
ICE	2000	3	27	10	1	0	374.73
ICE	2000	3	27	10	1	0	374.63
ICE	2000	4	3	8	38	0	374.75
ICE	2000	4	3	8	38	0	374.73
ICE	2000	4	10	21	17	0	375.68
ICE	2000	4	10	21	17	0	375.65
ICE	2000	4	17	8	48	0	355.17
ICE	2000	4	17	8	48	0	374.94
ICE	2000	4	25	8	45	0	375.44
ICE	2000	4	25	8	45	0	375.43
ICE	2000	5	2	17	18	0	374.17
ICE	2000	5	8	8	35	0	374.22
ICE	2000	5	8	8	35	0	374.19
ICE	2000	5	15	8	35	0	373.41
ICE	2000	5	15	8	35	0	373.37
ICE	2000	5	22	9	31	0	373.49
ICE	2000	5	29	9	23	0	374.1
ICE	2000	5	29	9	23	0	374.17
ICE	2000	6	5	3	54	0	372.45
ICE	2000	6	5	3	54	0	372.49
ICE	2000	6	12	10	23	0	371.82
ICE	2000	6	12	10	23	0	371.82
ICE	2000	6	19	10	5	0	374.33
ICE	2000	6	19	10	5	0	374.32
ICE	2000	6	26	16	11	0	370.53
ICE	2000	6	26	16	11	0	370.43
ICE	2000	7	3	10	28	0	368.4
ICE	2000	7	3	10	28	0	368.36
ICE	2000	7	10	8	2	0	366.71
ICE	2000	7	10	8	2	0	366.71
ICE	2000	7	18	15	42	0	364.21
ICE	2000	7	18	15	42	0	364.16
ICE	2000	7	27	3	6	0	364.48
ICE	2000	7	27	3	6	0	364.56
ICE	2000	7	31	10	54	0	362.8
ICE	2000	7	31	10	54	0	362.43
ICE	2000	8	8	10	26	0	362.58
ICE	2000	8	8	10	26	0	362.38
ICE	2000	8	14	7	26	0	360.75
ICE	2000	8	14	7	26	0	360.82
ICE	2000	9	3	17	18	0	360.97
ICE	2000	9	3	17	18	0	361.05
ICE	2000	9	11	11	2	0	360.3
ICE	2000	9	11	11	2	0	360.36
ICE	2000	9	18	8	39	0	361.25
ICE	2000	9	18	8	39	0	361.26
ICE	2000	9	25	10	33	0	363.21
ICE	2000	9	25	10	33	0	363.2
ICE	2000	10	16	22	38	0	367.01
ICE	2000	10	16	22	38	0	366.98
ICE	2000	10	23	11	44	0	368.87
ICE	2000	10	23	11	44	0	368.87
ICE	2000	10	30	10	26	0	370.36
ICE	2000	10	30	10	26	0	370.43
ICE	2000	11	6	21	43	0	369.6
ICE	2000	11	6	21	43	0	369.43
ICE	2000	11	15	10	45	0	371.56
ICE	2000	11	15	10	45	0	371.52
ICE	2000	11	22	10	48	0	376.93
ICE	2000	11	22	10	48	0	376.87
ICE	2000	12	11	10	30	0	372.29
ICE	2000	12	11	10	30	0	372.24
ICE	2000	12	18	9	59	0	372.99
ICE	2000	12	18	9	59	0	372.96
ICE	2000	12	26	12	18	0	373.03
ICE	2000	12	26	12	18	0	372.83
ICE	2001	1	11	14	53	0	374.77
ICE	2001	1	11	14	53	0	374.81
ICE	2001	1	15	11	2	0	373.64
ICE	2001	1	15	11	2	0	373.61
ICE	2001	1	22	10	29	0	373.68
ICE	2001	1	22	10	29	0	373.7
ICE	2001	1	29	10	30	0	375.19
ICE	2001	1	29	10	30	0	375.09
ICE	2001	2	12	10	25	0	374.96
ICE	2001	2	12	10	25	0	374.96
ICE	2001	2	19	8	56	0	375.61
ICE	2001	2	19	8	56	0	375.59
ICE	2001	2	27	10	49	0	376.05
ICE	2001	2	27	10	49	0	376.01
ICE	2001	3	5	9	19	0	376.13
ICE	2001	3	5	9	19	0	376.14
ICE	2001	3	12	21	1	0	376.87
ICE	2001	3	12	21	1	0	376.87
ICE	2001	3	19	9	55	0	375.87
ICE	2001	3	19	9	55	0	375.92
ICE	2001	3	27	18	19	0	376.45
ICE	2001	3	27	18	19	0	376.33
ICE	2001	4	2	10	46	0	376.46
ICE	2001	4	2	10	46	0	376.39
ICE	2001	4	10	20	52	0	377.44
ICE	2001	4	10	20	52	0	377.55
ICE	2001	4	16	11	18	0	376.71
ICE	2001	4	16	11	18	0	376.69
ICE	2001	4	23	8	46	0	377.05
ICE	2001	4	23	8	46	0	376.96
ICE	2001	4	30	9	16	0	376.49
ICE	2001	4	30	9	16	0	376.48
ICE	2001	5	7	16	35	0	376.66
ICE	2001	5	7	16	35	0	376.65
ICE	2001	5	14	10	30	0	378.05
ICE	2001	5	14	10	30	0	375.96
ICE	2001	5	21	9	55	0	375.41
ICE	2001	5	21	9	55	0	375.29
ICE	2001	5	29	23	13	0	374.82
ICE	2001	5	29	23	13	0	374.86
ICE	2001	6	5	2	59	0	376.03
ICE	2001	6	5	2	59	0	375.98
ICE	2001	6	11	21	37	0	371.71
ICE	2001	6	11	21	37	0	371.79
ICE	2001	6	18	10	28	0	374.1
ICE	2001	6	18	10	28	0	373.9
ICE	2001	6	25	11	23	0	368.27
ICE	2001	6	25	11	23	0	368.36
ICE	2001	7	2	12	5	0	368.44
ICE	2001	7	2	12	5	0	368.32
ICE	2001	7	9	11	29	0	366.83
ICE	2001	7	9	11	29	0	366.89
ICE	2001	7	16	21	25	0	367.84
ICE	2001	7	16	21	25	0	368.03
ICE	2001	7	24	17	10	0	363.98
ICE	2001	7	24	17	10	0	364.12
ICE	2001	7	30	17	5	0	363.6
ICE	2001	7	30	17	5	0	363.55
ICE	2001	8	7	3	5	0	366.94
ICE	2001	8	7	3	5	0	366.95
ICE	2001	8	13	9	27	0	361.67
ICE	2001	8	13	9	27	0	361.69
ICE	2001	8	20	17	18	0	361.7
ICE	2001	8	20	17	18	0	361.68
ICE	2001	8	27	12	24	0	363.13
ICE	2001	8	27	12	24	0	363.24
ICE	2001	9	3	20	44	0	361.73
ICE	2001	9	3	20	44	0	361.64
ICE	2001	9	10	23	26	0	362.42
ICE	2001	9	10	23	26	0	362.31
ICE	2001	9	17	11	3	0	363.4
ICE	2001	9	17	11	3	0	363.32
ICE	2001	9	24	9	0	0	366.98
ICE	2001	9	24	9	0	0	366.86
ICE	2001	10	1	8	38	0	371.02
ICE	2001	10	1	8	38	0	370.9
ICE	2001	10	8	15	0	0	369.5
ICE	2001	10	8	15	0	0	369.48
ICE	2001	10	16	8	26	0	367.71
ICE	2001	10	16	8	26	0	367.66
ICE	2001	10	21	18	2	0	371.71
ICE	2001	10	21	18	2	0	371.71
ICE	2001	10	29	10	28	0	369.99
ICE	2001	10	29	10	28	0	369.92
ICE	2001	11	8	20	45	0	538
ICE	2001	11	8	20	45	0	543.66
ICE	2001	11	12	20	36	0	372.56
ICE	2001	11	12	20	36	0	372.53
ICE	2001	11	19	2	43	0	372.36
ICE	2001	11	19	2	43	0	373.66
ICE	2001	11	26	20	28	0	373.62
ICE	2001	11	26	20	28	0	373.43
ICE	2001	12	3	19	45	0	373.75
ICE	2001	12	3	19	45	0	373.78
ICE	2001	12	10	9	39	0	376.55
ICE	2001	12	10	9	39	0	376.61
ICE	2002	1	2	12	59	0	377.01
ICE	2002	1	2	12	59	0	376.84
ICE	2002	1	7	11	8	0	375.83
ICE	2002	1	7	11	8	0	375.56
ICE	2002	1	14	10	43	0	376.07
ICE	2002	1	14	10	43	0	376.03
ICE	2002	1	21	8	39	0	376.55
ICE	2002	1	21	8	39	0	376.53
ICE	2002	1	28	23	55	0	378.02
ICE	2002	1	28	23	55	0	377.95
ICE	2002	2	4	20	10	0	376.96
ICE	2002	2	4	20	10	0	376.95
ICE	2002	2	11	19	50	0	386.37
ICE	2002	2	11	19	50	0	386.53
ICE	2002	2	19	6	22	0	377.64
ICE	2002	2	19	6	22	0	377.53
ICE	2002	3	11	22	42	0	377.78
ICE	2002	3	11	22	42	0	377.76
ICE	2002	3	18	10	54	0	378.12
ICE	2002	3	18	10	54	0	378.08
ICE	2002	3	25	12	21	0	379.05
ICE	2002	3	25	12	21	0	379.06
ICE	2002	4	1	7	52	0	377.59
ICE	2002	4	1	7	52	0	377.54
ICE	2002	4	8	9	33	0	377.66
ICE	2002	4	8	9	33	0	377.64
ICE	2002	4	15	3	13	0	378.03
ICE	2002	4	15	3	13	0	378.12
ICE	2002	4	22	11	35	0	378.15
ICE	2002	4	22	11	35	0	378.17
ICE	2002	4	29	8	35	0	378.22
ICE	2002	4	29	8	35	0	378.11
ICE	2002	5	6	13	18	0	378.27
ICE	2002	5	6	13	18	0	378.23
ICE	2002	5	13	17	44	0	378.87
ICE	2002	5	13	17	44	0	378.95
ICE	2002	5	21	0	9	0	377.45
ICE	2002	5	21	0	9	0	377.44
ICE	2002	5	27	9	50	0	376.53
ICE	2002	5	27	9	50	0	376.55
ICE	2002	6	3	10	25	0	376.77
ICE	2002	6	3	10	25	0	376.73
ICE	2002	6	9	18	9	0	367.59
ICE	2002	6	9	18	9	0	367.52
ICE	2002	6	17	9	24	0	372.37
ICE	2002	6	17	9	24	0	372.38
ICE	2002	6	25	17	20	0	372.6
ICE	2002	6	25	17	20	0	372.58
ICE	2002	6	30	23	0	0	372.93
ICE	2002	6	30	23	0	0	372.9
ICE	2002	7	9	13	48	0	374.65
ICE	2002	7	9	13	48	0	374.65
ICE	2002	7	15	8	28	0	368.69
ICE	2002	7	15	8	28	0	368.66
ICE	2002	7	23	9	4	0	365.92
ICE	2002	7	23	9	4	0	365.83
ICE	2002	7	29	23	24	0	364.87
ICE	2002	7	29	23	24	0	364.99
ICE	2002	8	5	22	50	0	365.59
ICE	2002	8	5	22	50	0	365.13
ICE	2002	8	12	22	0	0	365.26
ICE	2002	8	12	22	0	0	365
ICE	2002	8	19	20	44	0	365.26
ICE	2002	8	19	20	44	0	364.99
ICE	2002	8	26	14	38	0	551.47
ICE	2002	8	26	14	38	0	545.02
ICE	2002	9	2	11	12	0	363.64
ICE	2002	9	2	11	12	0	363.77
ICE	2002	9	9	16	2	0	364.24
ICE	2002	9	9	16	2	0	364.21
ICE	2002	9	16	20	59	0	364.98
ICE	2002	9	16	20	59	0	365.1
ICE	2002	9	30	13	31	0	367.16
ICE	2002	9	30	13	31	0	367.03
ICE	2002	10	7	13	3	0	367.21
ICE	2002	10	7	13	3	0	367.21
ICE	2002	10	13	23	5	0	373.69
ICE	2002	10	13	23	5	0	373.62
ICE	2002	10	22	1	18	0	371.82
ICE	2002	10	22	1	18	0	355.11
ICE	2002	10	28	7	53	0	366.66
ICE	2002	10	28	7	53	0	348.55
ICE	2002	11	4	22	42	0	366.49
ICE	2002	11	4	22	42	0	346.12
ICE	2002	11	18	22	33	0	370.09
ICE	2002	11	18	22	33	0	348.6
ICE	2002	11	25	3	12	0	376.64
ICE	2002	11	25	3	12	0	357.9
ICE	2002	12	2	22	32	0	370.8
ICE	2002	12	2	22	32	0	345.15
ICE	2002	12	24	12	0	0	376.4
ICE	2002	12	24	12	0	0	376.22
ICE	2002	12	30	10	1	0	379.33
ICE	2002	12	30	10	1	0	379.24
ICE	2003	1	6	8	45	0	379.66
ICE	2003	1	6	8	45	0	379.66
ICE	2003	1	12	17	16	0	378.22
ICE	2003	1	12	17	16	0	378.11
ICE	2003	1	20	22	17	0	379.21
ICE	2003	1	20	22	17	0	379.23
ICE	2003	1	27	14	41	0	378.76
ICE	2003	1	27	14	41	0	378.64
ICE	2003	2	3	12	26	0	379.36
ICE	2003	2	3	12	26	0	379.23
ICE	2003	2	10	12	44	0	378.76
ICE	2003	2	10	12	44	0	378.8
ICE	2003	2	17	10	25	0	378.86
ICE	2003	2	17	10	25	0	378.82
ICE	2003	2	24	8	34	0	379.82
ICE	2003	2	24	8	34	0	379.74
ICE	2003	3	3	23	43	0	379.77
ICE	2003	3	3	23	43	0	379.73
ICE	2003	3	10	0	1	0	380.04
ICE	2003	3	10	0	1	0	380
ICE	2003	3	17	11	17	0	384.1
ICE	2003	3	17	11	17	0	384.12
ICE	2003	4	3	2	25	0	378.52
ICE	2003	4	3	2	25	0	379.7
ICE	2003	4	8	0	45	0	380.32
ICE	2003	4	8	0	45	0	380.66
ICE	2003	4	15	10	30	0	381.22
ICE	2003	4	15	10	30	0	381.27
ICE	2003	4	21	10	33	0	382.09
ICE	2003	4	21	10	33	0	382.13
ICE	2003	4	28	17	13	0	379.85
ICE	2003	4	28	17	13	0	380.07
ICE	2003	5	5	16	40	0	381.55
ICE	2003	5	5	16	40	0	381.45
ICE	2003	5	12	4	45	0	381.18
ICE	2003	5	12	4	45	0	381.27
ICE	2003	5	19	11	30	0	377.66
ICE	2003	5	19	11	30	0	377.51
ICE	2003	5	26	14	41	0	380.08
ICE	2003	5	26	14	41	0	380.17
ICE	2003	6	3	8	18	0	378.57
ICE	2003	6	3	8	18	0	378.49
ICE	2003	6	9	10	59	0	377.85
ICE	2003	6	9	10	59	0	377.87
ICE	2003	6	16	3	6	0	379.67
ICE	2003	6	16	3	6	0	379.55
ICE	2003	6	23	9	54	0	375.19
ICE	2003	6	23	9	54	0	375.23
ICE	2003	6	30	9	40	0	372.75
ICE	2003	6	30	9	40	0	373.06
ICE	2003	7	7	10	55	0	374.78
ICE	2003	7	7	10	55	0	374.7
ICE	2003	7	15	2	59	0	371.69
ICE	2003	7	15	2	59	0	371.9
ICE	2003	7	21	23	12	0	370.65
ICE	2003	7	21	23	12	0	370.77
ICE	2003	7	28	11	11	0	370.07
ICE	2003	7	28	11	11	0	369.67
ICE	2003	8	4	21	21	0	368.73
ICE	2003	8	4	21	21	0	368.82
ICE	2003	8	11	2	59	0	367.3
ICE	2003	8	11	2	59	0	367.19
ICE	2003	8	18	11	11	0	365.87
ICE	2003	8	18	11	11	0	365.78
ICE	2003	8	25	22	50	0	371.73
ICE	2003	8	25	22	50	0	371.58
ICE	2003	9	1	11	33	0	369.58
ICE	2003	9	1	11	33	0	369.46
ICE	2003	9	8	21	10	0	367.07
ICE	2003	9	8	21	10	0	367.04
ICE	2003	9	15	2	52	0	370.88
ICE	2003	9	15	2	52	0	370.78
ICE	2003	9	22	7	31	0	369.69
ICE	2003	9	22	7	31	0	369.74
ICE	2003	9	29	8	24	0	372.63
ICE	2003	9	29	8	24	0	372.68
ICE	2003	10	6	15	20	0	372.09
ICE	2003	10	6	15	20	0	372.1
ICE	2003	10	13	8	32	0	373.13
ICE	2003	10	13	8	32	0	373.13
ICE	2003	10	20	16	51	0	373.58
ICE	2003	10	20	16	51	0	373.54
ICE	2003	10	27	9	24	0	395.55
ICE	2003	10	27	9	24	0	375.03
ICE	2003	10	27	9	24	0	360.96
ICE	2003	10	27	9	24	0	374.89
ICE	2003	11	3	9	11	0	389.33
ICE	2003	11	3	9	11	0	376.83
ICE	2003	11	3	9	11	0	387.6
ICE	2003	11	3	9	11	0	376.84
ICE	2003	11	10	3	3	0	385.98
ICE	2003	11	10	3	3	0	386.06
ICE	2003	11	18	7	57	0	383.06
ICE	2003	11	18	7	57	0	383.08
ICE	2003	11	24	17	26	0	380.48
ICE	2003	11	24	17	26	0	380.36
ICE	2003	12	1	14	24	0	379.3
ICE	2003	12	1	14	24	0	379.21
ICE	2003	12	8	12	18	0	376.87
ICE	2003	12	8	12	18	0	376.85
ICE	2003	12	14	20	42	0	381.27
ICE	2003	12	14	20	42	0	381.19
ICE	2003	12	22	8	30	0	383.26
ICE	2003	12	22	8	30	0	383.3
ICE	2003	12	29	9	39	0	380.2
ICE	2003	12	29	9	39	0	380.09
ICE	2004	1	5	8	40	0	380.01
ICE	2004	1	5	8	40	0	379.78
ICE	2004	1	12	10	58	0	381.92
ICE	2004	1	12	10	58	0	381.97
ICE	2004	1	19	9	18	0	380.75
ICE	2004	1	19	9	18	0	380.82
ICE	2004	1	26	13	34	0	381.11
ICE	2004	1	26	13	34	0	381.21
ICE	2004	2	2	21	25	0	382.5
ICE	2004	2	2	21	25	0	382.48
ICE	2004	2	8	22	8	0	383.1
ICE	2004	2	8	22	8	0	383
ICE	2004	2	16	8	45	0	381.44
ICE	2004	2	16	8	45	0	381.36
ICE	2004	2	23	10	0	0	381.6
ICE	2004	2	23	10	0	0	381.42
ICE	2004	2	29	18	2	0	380.18
ICE	2004	2	29	18	2	0	380.2
ICE	2004	3	8	8	18	0	380.93
ICE	2004	3	8	8	18	0	380.92
ICE	2004	3	15	18	39	0	386.07
ICE	2004	3	15	18	39	0	386.13
ICE	2004	3	22	8	5	0	382.53
ICE	2004	3	22	8	5	0	382.5
ICE	2004	3	29	20	20	0	383.02
ICE	2004	3	29	20	20	0	383.02
ICE	2004	4	5	2	50	0	383.53
ICE	2004	4	5	2	50	0	383.49
ICE	2004	4	12	0	40	0	382.24
ICE	2004	4	12	0	40	0	382.29
ICE	2004	4	19	21	50	0	383.3
ICE	2004	4	19	21	50	0	383.29
ICE	2004	4	26	10	50	0	382.77
ICE	2004	4	26	10	50	0	382.71
ICE	2004	5	3	8	32	0	382.34
ICE	2004	5	3	8	32	0	382.25
ICE	2004	5	10	9	34	0	382.23
ICE	2004	5	10	9	34	0	383.81
ICE	2004	5	17	8	28	0	383.68
ICE	2004	5	17	8	28	0	383.88
ICE	2004	5	23	22	45	0	382.22
ICE	2004	5	23	22	45	0	382.24
ICE	2004	5	31	11	0	0	379.37
ICE	2004	5	31	11	0	0	379.38
ICE	2004	6	7	10	2	0	380.77
ICE	2004	6	7	10	2	0	380.8
ICE	2004	6	13	23	40	0	378.54
ICE	2004	6	13	23	40	0	378.66
ICE	2004	6	20	23	34	0	377.18
ICE	2004	6	20	23	34	0	377.12
ICE	2004	6	28	23	45	0	378.21
ICE	2004	6	28	23	45	0	378.25
ICE	2004	7	5	22	42	0	376.9
ICE	2004	7	5	22	42	0	376.81
ICE	2004	7	13	10	50	0	375.57
ICE	2004	7	13	10	50	0	375.63
ICE	2004	7	21	20	50	0	369.02
ICE	2004	7	21	20	50	0	369.14
ICE	2004	7	26	12	15	0	371.14
ICE	2004	7	26	12	15	0	370.82
ICE	2004	8	2	8	54	0	370.91
ICE	2004	8	2	8	54	0	370.91
ICE	2004	8	9	3	13	0	371.41
ICE	2004	8	9	3	13	0	371.42
ICE	2004	8	16	23	23	0	369.13
ICE	2004	8	16	23	23	0	369.09
ICE	2004	8	23	23	8	0	367.54
ICE	2004	8	23	23	8	0	367.59
ICE	2004	8	30	14	14	0	367.01
ICE	2004	8	30	14	14	0	366.95
ICE	2004	9	6	20	5	0	367.97
ICE	2004	9	6	20	5	0	367.96
ICE	2004	9	12	19	49	0	367.49
ICE	2004	9	12	19	49	0	367.51
ICE	2004	9	20	22	26	0	369.48
ICE	2004	9	20	22	26	0	369.5
ICE	2004	9	27	23	32	0	372.37
ICE	2004	9	27	23	32	0	372.34
ICE	2004	10	13	15	15	0	375.69
ICE	2004	10	13	15	15	0	375.64
ICE	2004	10	18	10	40	0	373.56
ICE	2004	10	18	10	40	0	373.51
ICE	2004	10	25	23	32	0	375.22
ICE	2004	10	25	23	32	0	375.28
ICE	2004	11	1	8	45	0	377.94
ICE	2004	11	1	8	45	0	377.86
ICE	2004	11	10	10	1	0	378.1
ICE	2004	11	10	10	1	0	378.14
ICE	2004	11	16	3	43	0	379.54
ICE	2004	11	16	3	43	0	379.58
ICE	2004	11	21	22	21	0	379.09
ICE	2004	11	21	22	21	0	381.47
ICE	2004	11	29	17	44	0	381.66
ICE	2004	11	29	17	44	0	381.64
ICE	2004	12	6	15	50	0	380.48
ICE	2004	12	6	15	50	0	380.53
ICE	2004	12	13	14	41	0	380.33
ICE	2004	12	13	14	41	0	380.37
ICE	2004	12	20	9	43	0	380.97
ICE	2004	12	20	9	43	0	380.89
ICE	2004	12	27	11	30	0	382.16
ICE	2004	12	27	11	30	0	382.11
ICE	2005	1	4	13	14	0	384.34
ICE	2005	1	10	13	10	0	383.22
ICE	2005	1	10	13	10	0	383.04
ICE	2005	1	18	2	50	0	382.9
ICE	2005	1	18	2	50	0	382.8
ICE	2005	1	24	11	28	0	381.98
ICE	2005	1	24	11	28	0	382.94
ICE	2005	1	31	20	59	0	381.19
ICE	2005	1	31	20	59	0	381.26
ICE	2005	2	6	17	39	0	382.61
ICE	2005	2	6	17	39	0	382.55
ICE	2005	2	14	9	9	0	383.71
ICE	2005	2	14	9	9	0	383.67
ICE	2005	2	21	9	15	0	382.08
ICE	2005	2	21	9	15	0	382.05
ICE	2005	2	28	8	8	0	381.16
ICE	2005	2	28	8	8	0	382.36
ICE	2005	3	7	21	21	0	382.68
ICE	2005	3	7	21	21	0	382.64
ICE	2005	3	21	2	44	0	382.39
ICE	2005	3	21	2	44	0	382.45
ICE	2005	3	28	2	55	0	385.07
ICE	2005	3	28	2	55	0	385.02
ICE	2005	4	4	9	25	0	384.72
ICE	2005	4	4	9	25	0	384.58
ICE	2005	4	11	18	15	0	384.61
ICE	2005	4	11	18	15	0	384.62
ICE	2005	4	18	10	25	0	384.02
ICE	2005	4	18	10	25	0	383.99
ICE	2005	4	25	9	45	0	384.41
ICE	2005	4	25	9	45	0	384.37
ICE	2005	5	2	11	8	0	384.83
ICE	2005	5	2	11	8	0	384.8
ICE	2005	5	9	10	20	0	384.71
ICE	2005	5	9	10	20	0	384.86
ICE	2005	5	16	10	40	0	384.28
ICE	2005	5	16	10	40	0	384.37
ICE	2005	5	23	2	45	0	385.18
ICE	2005	5	23	2	45	0	385.19
ICE	2005	5	30	2	50	0	384.87
ICE	2005	5	30	2	50	0	384.76
ICE	2005	6	6	8	45	0	383.58
ICE	2005	6	6	8	45	0	383.91
ICE	2005	6	14	8	30	0	381.61
ICE	2005	6	14	8	30	0	381.65
ICE	2005	6	20	9	30	0	378.87
ICE	2005	6	20	9	30	0	378.76
ICE	2005	6	28	8	30	0	378.51
ICE	2005	6	28	8	30	0	377.77
ICE	2005	7	4	9	55	0	378.31
ICE	2005	7	4	9	55	0	377.76
ICE	2005	7	11	8	38	0	376.61
ICE	2005	7	11	8	38	0	399.34
ICE	2005	7	18	5	40	0	375.31
ICE	2005	7	18	5	40	0	375.25
ICE	2005	7	25	8	40	0	375.8
ICE	2005	7	25	8	40	0	375.83
ICE	2005	8	1	5	45	0	370.78
ICE	2005	8	8	10	30	0	369.98
ICE	2005	8	8	10	30	0	369.87
ICE	2005	8	15	2	52	0	369.77
ICE	2005	8	15	2	52	0	369.79
ICE	2005	8	22	8	46	0	370.54
ICE	2005	8	22	8	46	0	370.51
ICE	2005	8	29	22	0	0	370.68
ICE	2005	8	29	22	0	0	370.55
ICE	2005	9	6	8	44	0	370.66
ICE	2005	9	6	8	44	0	370.66
ICE	2005	9	12	10	20	0	370.63
ICE	2005	9	12	10	20	0	370.65
ICE	2005	9	19	8	35	0	372.92
ICE	2005	9	19	8	35	0	372.93
ICE	2005	9	26	8	30	0	372.7
ICE	2005	9	26	8	30	0	372.72
ICE	2005	10	3	10	50	0	374.18
ICE	2005	10	3	10	50	0	374.39
ICE	2005	10	10	7	55	0	374.35
ICE	2005	10	10	7	55	0	374.36
ICE	2005	10	17	8	45	0	387.55
ICE	2005	10	17	8	45	0	387.33
ICE	2005	10	24	9	20	0	376.94
ICE	2005	10	24	9	20	0	376.96
ICE	2005	10	31	12	15	0	379.42
ICE	2005	10	31	12	15	0	379.36
ICE	2005	11	8	6	30	0	379.38
ICE	2005	11	8	6	30	0	379.31
ICE	2005	11	14	9	30	0	381.41
ICE	2005	11	14	9	30	0	381.14
ICE	2005	11	21	9	20	0	382.24
ICE	2005	11	21	9	20	0	382.24
ICE	2005	11	28	9	45	0	382.85
ICE	2005	11	28	9	45	0	382.85
ICE	2005	12	5	10	55	0	384.06
ICE	2005	12	5	10	55	0	384.07
ICE	2005	12	12	9	25	0	381.76
ICE	2005	12	12	9	25	0	381.97
ICE	2005	12	19	8	35	0	382.71
ICE	2005	12	19	8	35	0	382.79
ICE	2005	12	26	16	45	0	382.53
ICE	2005	12	26	16	45	0	382.67
ICE	2006	1	2	9	38	0	384.38
ICE	2006	1	2	9	38	0	384.42
ICE	2006	1	9	14	5	0	384.19
ICE	2006	1	9	14	5	0	384.38
ICE	2006	1	16	9	12	0	384.29
ICE	2006	1	16	9	12	0	384.31
ICE	2006	1	23	9	15	0	384.81
ICE	2006	1	23	9	15	0	384.78
ICE	2006	1	30	8	35	0	385.37
ICE	2006	1	30	8	35	0	385.2
ICE	2006	2	6	8	40	0	385.28
ICE	2006	2	6	8	40	0	385.34
ICE	2006	2	13	9	0	0	385.14
ICE	2006	2	13	9	0	0	385.12
ICE	2006	2	20	11	40	0	385.75
ICE	2006	2	20	11	40	0	385.76
ICE	2006	2	27	8	38	0	389.49
ICE	2006	2	27	8	38	0	391.5
ICE	2006	3	6	8	30	0	385.78
ICE	2006	3	6	8	30	0	385.83
ICE	2006	3	13	8	28	0	386.92
ICE	2006	3	13	8	28	0	386.92
ICE	2006	3	20	8	20	0	386.81
ICE	2006	4	3	8	5	0	387.1
ICE	2006	4	3	8	5	0	387.14
ICE	2006	4	10	8	34	0	388.38
ICE	2006	4	10	8	34	0	388.39
ICE	2006	4	17	10	30	0	388.04
ICE	2006	4	17	10	30	0	388.02
ICE	2006	4	24	8	38	0	387.4
ICE	2006	4	24	8	38	0	387.4
ICE	2006	5	1	9	19	0	387.08
ICE	2006	5	1	9	19	0	387.11
ICE	2006	5	8	9	8	0	386.88
ICE	2006	5	8	9	8	0	386.83
ICE	2006	5	15	13	25	0	386.81
ICE	2006	5	15	13	25	0	386.69
ICE	2006	5	22	9	0	0	387.95
ICE	2006	5	22	9	0	0	388.02
ICE	2006	5	29	8	35	0	387.51
ICE	2006	5	29	8	35	0	387.63
ICE	2006	6	5	13	55	0	385.21
ICE	2006	6	5	13	55	0	384.95
ICE	2006	6	12	10	55	0	384.15
ICE	2006	6	12	10	55	0	384.17
ICE	2006	6	19	9	45	0	384.5
ICE	2006	6	19	9	45	0	384.52
ICE	2006	6	26	8	55	0	382.1
ICE	2006	6	26	8	55	0	382.05
ICE	2006	7	3	7	45	0	381.71
ICE	2006	7	3	7	45	0	381.69
ICE	2006	7	10	8	50	0	381.09
ICE	2006	7	10	8	50	0	381.15
ICE	2006	7	17	7	55	0	383.42
ICE	2006	7	17	7	55	0	383.24
ICE	2006	7	24	10	45	0	377.48
ICE	2006	7	24	10	45	0	377.25
ICE	2006	7	31	10	40	0	376.04
ICE	2006	7	31	10	40	0	375.61
ICE	2006	8	8	20	20	0	374.8
ICE	2006	8	8	20	20	0	374.54
ICE	2006	8	14	9	14	0	373.76
ICE	2006	8	14	9	14	0	373.8
ICE	2006	8	21	8	50	0	373.54
ICE	2006	8	21	8	50	0	373.64
ICE	2006	8	28	11	0	0	373.06
ICE	2006	8	28	11	0	0	373.13
ICE	2006	9	4	8	40	0	373.5
ICE	2006	9	4	8	40	0	373.59
ICE	2006	9	11	9	41	0	372.92
ICE	2006	9	11	9	41	0	372.83
ICE	2006	9	18	8	40	0	375.13
ICE	2006	9	18	8	40	0	374.95
ICE	2006	9	25	9	20	0	375.65
ICE	2006	9	25	9	20	0	375.68
ICE	2006	10	2	22	45	0	377.91
ICE	2006	10	2	22	45	0	377.48
ICE	2006	10	9	8	15	0	379.08
ICE	2006	10	9	8	15	0	379.5
ICE	2006	10	16	8	0	0	379.03
ICE	2006	10	16	8	0	0	379.26
ICE	2006	10	23	9	15	0	381.24
ICE	2006	10	23	9	15	0	380.76
ICE	2006	10	30	8	40	0	380.82
ICE	2006	10	30	8	40	0	380.79
ICE	2006	11	6	10	30	0	382.28
ICE	2006	11	6	10	30	0	382.57
ICE	2006	11	13	17	10	0	383.7
ICE	2006	11	13	17	10	0	383.69
ICE	2006	11	20	8	25	0	384.98
ICE	2006	11	20	8	25	0	384.99
ICE	2006	11	27	9	40	0	386.48
ICE	2006	11	27	9	40	0	386.18
ICE	2006	12	4	8	40	0	385.83
ICE	2006	12	4	8	40	0	385.74
ICE	2006	12	11	8	35	0	386.31
ICE	2006	12	11	8	35	0	386.34
ICE	2006	12	18	8	40	0	386.06
ICE	2006	12	18	8	40	0	386.22
ICE	2006	12	26	9	40	0	386
ICE	2006	12	26	9	40	0	386.04
ICE	2007	1	2	9	15	0	386.74
ICE	2007	1	2	9	15	0	386.74
ICE	2007	1	8	10	40	0	387.58
ICE	2007	1	8	10	40	0	387.32
ICE	2007	1	15	8	50	0	390.67
ICE	2007	1	15	8	50	0	390.85
ICE	2007	1	22	7	55	0	387.45
ICE	2007	1	22	7	55	0	387.42
ICE	2007	1	29	9	22	0	386.22
ICE	2007	1	29	9	22	0	386.03
ICE	2007	2	5	9	45	0	388.39
ICE	2007	2	5	9	45	0	388.35
ICE	2007	2	12	9	15	0	387.67
ICE	2007	2	12	9	15	0	387.68
ICE	2007	2	19	8	25	0	387.61
ICE	2007	2	19	8	25	0	387.62
ICE	2007	2	26	9	15	0	390.55
ICE	2007	2	26	9	15	0	390.27
ICE	2007	3	5	8	5	0	388.01
ICE	2007	3	5	8	5	0	388.01
ICE	2007	3	12	8	40	0	388.84
ICE	2007	3	12	8	40	0	388.86
ICE	2007	3	19	7	50	0	388.92
ICE	2007	3	19	7	50	0	388.95
ICE	2007	3	26	9	18	0	388.52
ICE	2007	3	26	9	18	0	388.68
ICE	2007	4	2	8	45	0	389.72
ICE	2007	4	2	8	45	0	389.7
ICE	2007	4	9	9	5	0	389.03
ICE	2007	4	9	9	5	0	388.99
ICE	2007	4	16	8	20	0	389.5
ICE	2007	4	16	8	20	0	389.51
ICE	2007	4	23	8	20	0	387.83
ICE	2007	4	23	8	20	0	387.76
ICE	2007	4	30	8	25	0	388.38
ICE	2007	4	30	8	25	0	388.56
ICE	2007	5	7	8	25	0	388.39
ICE	2007	5	7	8	25	0	388.36
ICE	2007	5	14	9	25	0	388.71
ICE	2007	5	14	9	25	0	388.71
ICE	2007	5	21	7	15	0	388.47
ICE	2007	5	21	7	15	0	388.5
ICE	2007	5	28	8	35	0	387.03
ICE	2007	5	28	8	35	0	387.23
ICE	2007	6	4	9	9	0	386.79
ICE	2007	6	4	9	9	0	386.67
ICE	2007	6	11	9	25	0	382.9
ICE	2007	6	11	9	25	0	382.7
ICE	2007	6	17	23	5	0	385.24
ICE	2007	6	17	23	5	0	385.24
ICE	2007	6	25	9	10	0	383.1
ICE	2007	6	25	9	10	0	383.09
ICE	2007	7	2	8	40	0	380.24
ICE	2007	7	2	8	40	0	379.49
ICE	2007	7	9	8	0	0	377.14
ICE	2007	7	16	8	45	0	379.25
ICE	2007	7	16	8	45	0	379.43
ICE	2007	7	23	8	35	0	376.81
ICE	2007	7	23	8	35	0	376.82
ICE	2007	7	30	8	40	0	376.04
ICE	2007	7	30	8	40	0	376.02
ICE	2007	8	6	8	40	0	375.34
ICE	2007	8	6	8	40	0	375.35
ICE	2007	8	13	9	30	0	375.34
ICE	2007	8	13	9	30	0	375.2
ICE	2007	8	20	7	45	0	385.56
ICE	2007	8	20	7	45	0	385.04
ICE	2007	9	3	9	20	0	373.56
ICE	2007	9	3	9	20	0	373.5
ICE	2007	9	10	7	55	0	374.34
ICE	2007	9	10	7	55	0	374.23
ICE	2007	9	17	13	20	0	375.78
ICE	2007	9	17	13	20	0	375.68
ICE	2007	9	24	9	10	0	375.91
ICE	2007	9	24	9	10	0	375.84
ICE	2007	10	1	11	10	0	378.93
ICE	2007	10	1	11	10	0	378.89
ICE	2007	10	8	8	45	0	379.68
ICE	2007	10	8	8	45	0	379.65
ICE	2007	10	15	9	40	0	381.69
ICE	2007	10	15	9	40	0	381.78
ICE	2007	10	29	12	34	56	382.47
ICE	2007	10	29	12	34	56	382.44
ICE	2007	11	5	8	40	0	383.12
ICE	2007	11	5	8	40	0	383.06
ICE	2007	11	12	10	0	0	384.53
ICE	2007	11	12	10	0	0	384.61
ICE	2007	11	19	8	5	0	385.46
ICE	2007	11	19	8	5	0	385.58
ICE	2007	11	26	9	15	0	385.78
ICE	2007	11	26	9	15	0	385.83
ICE	2007	12	3	8	35	0	386.35
ICE	2007	12	10	10	45	0	388.01
ICE	2007	12	10	10	45	0	387.99
ICE	2007	12	17	9	40	0	386.83
ICE	2007	12	17	9	40	0	386.89
ICE	2007	12	24	9	15	0	387.3
ICE	2007	12	24	9	15	0	387.38
ICE	2007	12	31	7	55	0	387.45
ICE	2007	12	31	7	55	0	387.83
ICE	2008	1	7	8	40	0	389.48
ICE	2008	1	7	8	40	0	389.5
ICE	2008	1	14	9	40	0	389.53
ICE	2008	1	14	9	40	0	389.52
ICE	2008	1	21	9	30	0	391.02
ICE	2008	1	21	9	30	0	391.04
ICE	2008	1	28	8	45	0	389.99
ICE	2008	1	28	8	45	0	389.95
ICE	2008	2	4	9	50	0	390.41
ICE	2008	2	4	9	50	0	390.48
ICE	2008	2	11	14	20	0	390.47
ICE	2008	2	11	14	20	0	390.48
ICE	2008	2	18	9	35	0	392.08
ICE	2008	2	18	9	35	0	392.09
ICE	2008	2	25	10	5	0	389.65
ICE	2008	2	25	10	5	0	389.72
ICE	2008	3	3	9	30	0	391.57
ICE	2008	3	3	9	30	0	391.7
ICE	2008	3	10	9	20	0	391.15
ICE	2008	3	10	9	20	0	391.03
ICE	2008	3	17	9	20	0	392.83
ICE	2008	3	17	9	20	0	393.29
ICE	2008	3	24	9	30	0	391.3
ICE	2008	3	24	9	30	0	391.4
ICE	2008	3	31	10	40	0	392.04
ICE	2008	3	31	10	40	0	392.56
ICE	2008	4	7	8	45	0	391.88
ICE	2008	4	7	8	45	0	392.09
ICE	2008	4	14	7	20	0	392.55
ICE	2008	4	14	7	20	0	392.63
ICE	2008	4	21	8	40	0	391.26
ICE	2008	4	21	8	40	0	391.2
ICE	2008	4	28	8	35	0	392
ICE	2008	4	28	8	35	0	391.75
ICE	2008	5	6	8	20	0	391.28
ICE	2008	5	6	8	20	0	391.31
ICE	2008	5	12	8	40	0	391.44
ICE	2008	5	12	8	40	0	391.33
ICE	2008	5	19	9	20	0	391.65
ICE	2008	5	19	9	20	0	391.61
ICE	2008	5	26	9	20	0	388.43
ICE	2008	5	26	9	20	0	388.36
ICE	2008	6	2	9	22	0	388.22
ICE	2008	6	2	9	22	0	388.11
ICE	2008	6	9	9	25	0	391.85
ICE	2008	6	9	9	25	0	391.82
ICE	2008	6	16	10	44	0	388.26
ICE	2008	6	16	10	44	0	387.08
ICE	2008	6	23	9	15	0	387.67
ICE	2008	6	23	9	15	0	387.77
ICE	2008	6	30	8	45	0	383.6
ICE	2008	6	30	8	45	0	383.82
ICE	2008	7	7	9	20	0	383.29
ICE	2008	7	7	9	20	0	383.84
ICE	2008	7	14	8	40	0	382.42
ICE	2008	7	14	8	40	0	382.15
ICE	2008	7	21	8	35	0	381.61
ICE	2008	7	21	8	35	0	381.79
ICE	2008	7	28	8	40	0	378.54
ICE	2008	7	28	8	40	0	378.48
ICE	2008	8	4	10	35	0	377.81
ICE	2008	8	4	10	35	0	377.96
ICE	2008	8	11	9	15	0	379.14
ICE	2008	8	11	9	15	0	379.3
ICE	2008	8	18	8	35	0	382.36
ICE	2008	8	18	8	35	0	382.71
ICE	2008	8	25	8	40	0	376.69
ICE	2008	8	25	8	40	0	376.37
ICE	2008	9	1	9	20	0	386.64
ICE	2008	9	1	9	20	0	386.81
ICE	2008	9	8	8	30	0	377.56
ICE	2008	9	8	8	30	0	377.55
ICE	2008	9	15	8	45	0	377.45
ICE	2008	9	15	8	45	0	377.39
ICE	2008	9	22	8	30	0	377.31
ICE	2008	9	22	8	30	0	377.38
ICE	2008	9	29	9	30	0	379.95
ICE	2008	9	29	9	30	0	379.94
ICE	2008	10	6	9	55	0	380.13
ICE	2008	10	6	9	55	0	380.09
ICE	2008	10	13	8	25	0	381.19
ICE	2008	10	13	8	25	0	381.08
ICE	2008	10	20	8	30	0	381.88
ICE	2008	10	20	8	30	0	381.94
ICE	2008	10	27	9	30	0	384.06
ICE	2008	10	27	9	30	0	384.12
ICE	2008	11	3	8	48	0	388.52
ICE	2008	11	3	8	48	0	388.55
ICE	2008	11	10	8	48	0	386.88
ICE	2008	11	10	8	48	0	386.85
ICE	2008	11	17	9	20	0	386.63
ICE	2008	11	17	9	20	0	386.62
ICE	2008	11	24	8	35	0	388.73
ICE	2008	11	24	8	35	0	388.88
ICE	2008	12	1	8	40	0	388.16
ICE	2008	12	1	8	40	0	388.13
ICE	2008	12	8	8	40	0	388.53
ICE	2008	12	8	8	40	0	388.45
ICE	2008	12	15	9	20	0	388.64
ICE	2008	12	15	9	20	0	388.66
ICE	2008	12	22	8	45	0	389.54
ICE	2008	12	22	8	45	0	389.37
ICE	2008	12	29	9	15	0	390.84
ICE	2008	12	29	9	15	0	390.73
ICE	2009	1	5	10	50	0	393.32
ICE	2009	1	5	10	50	0	393.34
ICE	2009	1	12	9	45	0	391.17
ICE	2009	1	12	9	45	0	391.14
ICE	2009	1	19	9	20	0	390.78
ICE	2009	1	19	9	20	0	390.81
ICE	2009	1	26	9	55	0	391.01
ICE	2009	1	26	9	55	0	391.04
ICE	2009	2	2	9	25	0	391.24
ICE	2009	2	2	9	25	0	391.44
ICE	2009	2	9	9	30	0	391.38
ICE	2009	2	9	9	30	0	391.16
ICE	2009	2	16	9	15	0	393.17
ICE	2009	2	16	9	15	0	393.11
ICE	2009	2	23	8	40	0	390.52
ICE	2009	2	23	8	40	0	390.57
ICE	2009	3	2	8	45	0	391.66
ICE	2009	3	2	8	45	0	391.66
ICE	2009	3	26	17	5	0	393.11
ICE	2009	3	26	17	5	0	393.13
ICE	2009	3	31	15	45	0	393.22
ICE	2009	3	31	15	45	0	393.25
ICE	2009	4	6	8	30	0	392.82
ICE	2009	4	6	8	30	0	392.79
ICE	2009	4	13	9	5	0	393.07
ICE	2009	4	13	9	5	0	392.66
ICE	2009	4	20	8	50	0	392.93
ICE	2009	4	27	9	5	0	397.02
ICE	2009	4	27	9	5	0	449.25
ICE	2009	5	4	8	55	0	393.32
ICE	2009	5	4	8	55	0	393.32
ICE	2009	5	11	8	55	0	392.9
ICE	2009	5	11	8	55	0	392.78
ICE	2009	5	18	8	50	0	391.56
ICE	2009	5	18	8	50	0	391.49
ICE	2009	5	25	8	30	0	392.91
ICE	2009	5	25	8	30	0	392.93
ICE	2009	6	1	9	15	0	391.57
ICE	2009	6	1	9	15	0	391.49
ICE	2009	6	8	9	5	0	395.21
ICE	2009	6	8	9	5	0	394.81
ICE	2009	6	15	7	30	0	390.13
ICE	2009	6	15	7	30	0	390.04
ICE	2009	6	22	9	20	0	388.93
ICE	2009	6	22	9	20	0	388.8
ICE	2009	6	29	9	25	0	376.19
ICE	2009	6	29	9	25	0	376.2
ICE	2009	7	6	8	30	0	382.52
ICE	2009	7	6	8	30	0	382.5
ICE	2009	7	13	9	50	0	384.05
ICE	2009	7	13	9	50	0	383.85
ICE	2009	7	20	9	20	0	381.49
ICE	2009	7	20	9	20	0	381.28
ICE	2009	7	27	7	50	0	381.08
ICE	2009	7	27	7	50	0	381.04
ICE	2009	8	3	9	45	0	378.25
ICE	2009	8	3	9	45	0	378.34
ICE	2009	8	10	8	50	0	378.43
ICE	2009	8	10	8	50	0	378.47
ICE	2009	8	17	9	20	0	379.01
ICE	2009	8	17	9	20	0	378.95
ICE	2009	8	24	8	5	0	377.67
ICE	2009	8	24	8	5	0	377.5
ICE	2009	8	31	8	45	0	376.75
ICE	2009	8	31	8	45	0	377.36
ICE	2009	9	7	8	50	0	377.02
ICE	2009	9	7	8	50	0	376.83
ICE	2009	9	14	7	35	0	377.49
ICE	2009	9	14	7	35	0	377.47
ICE	2009	9	21	8	10	0	378.72
ICE	2009	9	21	8	10	0	378.7
ICE	2009	9	28	9	0	0	381.3
ICE	2009	9	28	9	0	0	381.28
ICE	2009	10	5	8	40	0	382.2
ICE	2009	10	5	8	40	0	382.13
ICE	2009	10	12	8	35	0	382.63
ICE	2009	10	12	8	35	0	382.66
ICE	2009	10	19	9	10	0	383.07
ICE	2009	10	19	9	10	0	382.97
ICE	2009	10	26	10	40	0	389.67
ICE	2009	10	26	10	40	0	389.55
ICE	2009	11	2	9	15	0	386.45
ICE	2009	11	2	9	15	0	386.51
ICE	2009	11	9	9	15	0	387.81
ICE	2009	11	9	9	15	0	387.6
ICE	2009	11	16	9	0	0	391.61
ICE	2009	11	16	9	0	0	391.54
ICE	2009	11	23	10	30	0	393.83
ICE	2009	11	23	10	30	0	393.76
ICE	2009	11	30	9	20	0	389.67
ICE	2009	11	30	9	20	0	389.55
ICE	2009	12	7	9	5	0	396.5
ICE	2009	12	7	9	5	0	396.43
ICE	2009	12	14	9	40	0	394.37
ICE	2009	12	14	9	40	0	394.24
ICE	2009	12	25	16	35	0	397.36
ICE	2009	12	25	16	35	0	397.34
ICE	2010	1	13	9	20	0	393.25
ICE	2010	1	13	9	20	0	393.19
ICE	2010	1	18	9	25	0	392.49
ICE	2010	1	18	9	25	0	392.34
ICE	2010	1	25	9	15	0	391.65
ICE	2010	1	25	9	15	0	391.66
ICE	2010	2	1	9	5	0	397.57
ICE	2010	2	1	9	5	0	397.83
ICE	2010	2	9	9	15	0	394.91
ICE	2010	2	9	9	15	0	394.81
ICE	2010	2	15	9	10	0	395.67
ICE	2010	2	15	9	10	0	395.69
ICE	2010	2	22	8	20	0	393.5
ICE	2010	2	22	8	20	0	393.53
ICE	2010	3	1	8	10	0	393.52
ICE	2010	3	1	8	10	0	393.52
ICE	2010	3	8	8	30	0	393.38
ICE	2010	3	8	8	30	0	393.4
ICE	2010	3	15	8	20	0	394.83
ICE	2010	3	15	8	20	0	394.8
ICE	2010	3	22	8	40	0	394.44
ICE	2010	3	22	8	40	0	394.39
ICE	2010	3	29	13	20	0	396.04
ICE	2010	3	29	13	20	0	396.25
ICE	2010	4	5	9	5	0	398.58
ICE	2010	4	5	9	5	0	398.8
ICE	2010	4	12	8	5	0	395.6
ICE	2010	4	12	8	5	0	395.62
ICE	2010	4	19	8	35	0	395.63
ICE	2010	4	19	8	35	0	395.5
ICE	2010	4	26	8	10	0	395.39
ICE	2010	4	26	8	10	0	395.42
ICE	2010	5	3	8	5	0	395.02
ICE	2010	5	3	8	5	0	394.93
ICE	2010	5	10	9	20	0	395.65
ICE	2010	5	10	9	20	0	395.47
ICE	2010	5	17	8	55	0	395.38
ICE	2010	5	17	8	55	0	395.29
ICE	2010	5	24	8	25	0	392.72
ICE	2010	5	24	8	25	0	392.73
ICE	2010	5	30	9	35	0	393.72
ICE	2010	5	30	9	35	0	393.92
ICE	2010	6	7	8	40	0	391.45
ICE	2010	6	7	8	40	0	391.51
ICE	2010	6	15	11	0	0	389.54
ICE	2010	6	15	11	0	0	389.62
ICE	2010	6	21	8	30	0	392.31
ICE	2010	6	21	8	30	0	392.18
ICE	2010	6	28	9	5	0	390.8
ICE	2010	6	28	9	5	0	390.44
ICE	2010	7	5	8	50	0	388.39
ICE	2010	7	5	8	50	0	388.32
ICE	2010	7	12	8	30	0	389.13
ICE	2010	7	12	8	30	0	388.79
ICE	2010	7	19	9	10	0	389.4
ICE	2010	7	19	9	10	0	389.2
ICE	2010	7	26	9	25	0	382.45
ICE	2010	7	26	9	25	0	382.26
ICE	2010	8	2	9	20	0	383.27
ICE	2010	8	2	9	20	0	383.21
ICE	2010	8	9	9	30	0	383.73
ICE	2010	8	9	9	30	0	383.44
ICE	2010	8	16	8	40	0	380.88
ICE	2010	8	16	8	40	0	380.93
ICE	2010	8	23	9	15	0	379.23
ICE	2010	8	23	9	15	0	378.98
ICE	2010	8	30	8	35	0	383.88
ICE	2010	8	30	8	35	0	383.76
ICE	2010	9	6	9	20	0	382.84
ICE	2010	9	6	9	20	0	382.76
ICE	2010	9	13	9	15	0	383.81
ICE	2010	9	13	9	15	0	383.52
ICE	2010	9	20	9	5	0	385.57
ICE	2010	9	20	9	5	0	385.44
ICE	2010	9	27	8	45	0	384.12
ICE	2010	9	27	8	45	0	384.03
ICE	2010	10	4	9	10	0	390.01
ICE	2010	10	4	9	10	0	389.85
ICE	2010	10	11	9	10	0	390.61
ICE	2010	10	11	9	10	0	390.61
ICE	2010	10	18	8	55	0	387.85
ICE	2010	10	18	8	55	0	387.79
ICE	2010	10	25	10	15	0	389.06
ICE	2010	10	25	10	15	0	389.04
ICE	2010	11	1	9	25	0	390.38
ICE	2010	11	1	9	25	0	390.22
ICE	2010	11	8	9	10	0	393.03
ICE	2010	11	8	9	10	0	392.97
ICE	2010	11	15	9	15	0	393.98
ICE	2010	11	15	9	15	0	393.87
ICE	2010	11	22	9	10	0	396.67
ICE	2010	11	22	9	10	0	396.58
ICE	2010	11	29	8	50	0	396.92
ICE	2010	11	29	8	50	0	396.8
ICE	2010	12	6	9	45	0	397.69
ICE	2010	12	6	9	45	0	397.61
ICE	2010	12	13	9	35	0	395.6
ICE	2010	12	13	9	35	0	395.42
ICE	2010	12	20	9	55	0	396.1
ICE	2010	12	20	9	55	0	396.01
ICE	2010	12	27	10	40	0	396.19
ICE	2010	12	27	10	40	0	396.14
ICE	2011	1	3	8	35	0	395.29
ICE	2011	1	3	8	35	0	395.23
ICE	2011	1	10	10	0	0	395.98
ICE	2011	1	10	10	0	0	395.87
ICE	2011	1	17	9	50	0	395.35
ICE	2011	1	17	9	50	0	395.42
ICE	2011	1	24	9	50	0	395.3
ICE	2011	1	24	9	50	0	395.27
ICE	2011	1	31	10	45	0	395.52
ICE	2011	1	31	10	45	0	395.34
ICE	2011	2	7	9	30	0	397.67
ICE	2011	2	7	9	30	0	397.61
ICE	2011	2	14	9	15	0	396.61
ICE	2011	2	14	9	15	0	396.58
ICE	2011	2	21	9	0	0	396.86
ICE	2011	2	21	9	0	0	396.89
ICE	2011	2	28	9	35	0	398.2
ICE	2011	2	28	9	35	0	398.19
ICE	2011	3	7	9	10	0	397.78
ICE	2011	3	7	9	10	0	397.81
ICE	2011	3	14	9	20	0	396.72
ICE	2011	3	14	9	20	0	396.63
ICE	2011	3	21	8	50	0	397.55
ICE	2011	3	21	8	50	0	397.42
ICE	2011	3	28	8	50	0	398.71
ICE	2011	3	28	8	50	0	399.03
ICE	2011	4	4	9	35	0	397.56
ICE	2011	4	4	9	35	0	397.56
ICE	2011	4	11	9	10	0	399.76
ICE	2011	4	11	9	10	0	400
ICE	2011	4	18	8	50	0	400.04
ICE	2011	4	18	8	50	0	399.96
ICE	2011	4	25	9	25	0	398.03
ICE	2011	4	25	9	25	0	397.96
ICE	2011	5	2	8	35	0	395.78
ICE	2011	5	2	8	35	0	395.67
ICE	2011	5	9	8	40	0	396.36
ICE	2011	5	9	8	40	0	396.19
ICE	2011	5	16	8	40	0	398.63
ICE	2011	5	16	8	40	0	398.65
ICE	2011	5	23	8	50	0	398.6
ICE	2011	5	23	8	50	0	398.55
ICE	2011	5	30	12	34	56	398.06
ICE	2011	5	30	12	34	56	397.95
ICE	2011	6	6	8	10	0	396.62
ICE	2011	6	6	8	10	0	396.65
ICE	2011	6	13	10	35	0	397.15
ICE	2011	6	13	10	35	0	397.2
ICE	2011	6	20	12	10	0	396.19
ICE	2011	6	20	12	10	0	396.28
ICE	2011	6	27	8	20	0	393.32
ICE	2011	6	27	8	20	0	393.25
ICE	2011	7	4	8	25	0	390.72
ICE	2011	7	4	8	25	0	390.69
ICE	2011	7	11	8	25	0	393.01
ICE	2011	7	11	8	25	0	392.84
ICE	2011	7	18	9	5	0	393.56
ICE	2011	7	18	9	5	0	393.29
ICE	2011	7	25	8	50	0	388.48
ICE	2011	7	25	8	50	0	388.46
ICE	2011	8	1	9	10	0	384.95
ICE	2011	8	1	9	10	0	384.91
ICE	2011	8	8	8	50	0	385.36
ICE	2011	8	8	8	50	0	385.51
ICE	2011	8	31	11	20	0	381.88
ICE	2011	8	31	11	20	0	381.82
ICE	2011	9	5	9	0	0	383.12
ICE	2011	9	5	9	0	0	383.04
ICE	2011	9	12	9	20	0	386.1
ICE	2011	9	12	9	20	0	386.07
ICE	2011	9	19	8	50	0	383.95
ICE	2011	9	19	8	50	0	383.86
ICE	2011	9	26	8	55	0	385.94
ICE	2011	9	26	8	55	0	385.87
ICE	2011	10	3	8	20	0	387.36
ICE	2011	10	3	8	20	0	387.45
ICE	2011	10	10	9	10	0	393.12
ICE	2011	10	10	9	10	0	393.22
ICE	2011	10	17	9	15	0	392.27
ICE	2011	10	17	9	15	0	391.7
ICE	2011	10	24	9	15	0	393.28
ICE	2011	10	24	9	15	0	393.2
ICE	2011	10	31	8	55	0	392.86
ICE	2011	10	31	8	55	0	392.77
ICE	2011	11	7	9	15	0	395.76
ICE	2011	11	7	9	15	0	395.64
ICE	2011	11	14	9	15	0	394.09
ICE	2011	11	14	9	15	0	394.02
ICE	2011	11	21	8	55	0	396.01
ICE	2011	11	21	8	55	0	395.86
ICE	2011	11	28	9	10	0	402.45
ICE	2011	11	28	9	10	0	402.37
ICE	2011	12	5	8	40	0	398.95
ICE	2011	12	5	8	40	0	398.98
ICE	2011	12	16	9	20	0	398.75
ICE	2011	12	16	9	20	0	398.45
ICE	2011	12	19	8	50	0	397.37
ICE	2011	12	19	8	50	0	397.4
ICE	2011	12	26	10	40	0	397.33
ICE	2011	12	26	10	40	0	397.29
ICE	2012	1	2	9	20	0	399.31
ICE	2012	1	2	9	20	0	399.36
ICE	2012	1	9	9	50	0	398.1
ICE	2012	1	9	9	50	0	397.85
ICE	2012	1	16	9	10	0	397.55
ICE	2012	1	16	9	10	0	397.53
ICE	2012	1	23	8	50	0	401.3
ICE	2012	1	23	8	50	0	401.3
ICE	2012	1	30	9	5	0	399.1
ICE	2012	1	30	9	5	0	398.96
ICE	2012	2	6	9	10	0	397.24
ICE	2012	2	6	9	10	0	397.31
ICE	2012	2	13	8	55	0	399.21
ICE	2012	2	13	8	55	0	399.18
ICE	2012	2	20	8	45	0	398.78
ICE	2012	2	20	8	45	0	398.57
ICE	2012	2	27	8	20	0	401.48
ICE	2012	2	27	8	20	0	401.66
ICE	2012	3	5	8	45	0	401.13
ICE	2012	3	5	8	45	0	401.23
ICE	2012	3	12	9	5	0	401.52
ICE	2012	3	12	9	5	0	401.48
ICE	2012	3	19	9	10	0	399.29
ICE	2012	3	19	9	10	0	399.29
ICE	2012	3	26	8	30	0	399.01
ICE	2012	3	26	8	30	0	398.65
ICE	2012	4	2	8	55	0	399.89
ICE	2012	4	2	8	55	0	399.8
ICE	2012	4	9	9	25	0	401.87
ICE	2012	4	9	9	25	0	401.64
ICE	2012	4	16	8	45	0	400
ICE	2012	4	16	8	45	0	399.94
ICE	2012	4	23	8	45	0	399.82
ICE	2012	4	23	8	45	0	399.77
ICE	2012	4	30	8	35	0	402.27
ICE	2012	4	30	8	35	0	402.18
ICE	2012	5	7	9	10	0	402.29
ICE	2012	5	7	9	10	0	402.36
ICE	2012	5	14	8	30	0	400.36
ICE	2012	5	14	8	30	0	400.22
ICE	2012	5	21	8	10	0	400.28
ICE	2012	5	21	8	10	0	400.24
ICE	2012	5	28	8	50	0	398.48
ICE	2012	5	28	8	50	0	398.5
ICE	2012	6	4	9	5	0	403.5
ICE	2012	6	4	9	5	0	403.48
ICE	2012	6	11	12	34	56	401.81
ICE	2012	6	11	12	34	56	401.62
ICE	2012	6	18	8	55	0	403
ICE	2012	6	18	8	55	0	402.88
ICE	2012	6	25	8	35	0	394.93
ICE	2012	6	25	8	35	0	395.05
ICE	2012	7	2	7	45	0	395.42
ICE	2012	7	2	7	45	0	395.31
ICE	2012	7	9	8	35	0	392.83
ICE	2012	7	9	8	35	0	392.6
ICE	2012	7	16	9	45	0	391.79
ICE	2012	7	16	9	45	0	391.54
ICE	2012	7	23	9	50	0	391.89
ICE	2012	7	23	9	50	0	391.91
ICE	2012	7	30	8	5	0	388.06
ICE	2012	7	30	8	5	0	388.39
ICE	2012	8	6	9	35	0	390.5
ICE	2012	8	6	9	35	0	390.56
ICE	2012	8	13	8	40	0	387.45
ICE	2012	8	13	8	40	0	387.46
ICE	2012	8	20	8	5	0	385.66
ICE	2012	8	20	8	5	0	385.64
ICE	2012	8	27	8	45	0	384.21
ICE	2012	8	27	8	45	0	384.16
ICE	2012	9	4	8	20	0	385.94
ICE	2012	9	4	8	20	0	385.72
ICE	2012	9	10	8	40	0	385.93
ICE	2012	9	10	8	40	0	385.94
ICE	2012	9	17	8	5	0	389.15
ICE	2012	9	17	8	5	0	389.15
ICE	2012	9	24	8	25	0	387.33
ICE	2012	9	24	8	25	0	387.25
ICE	2012	10	1	8	40	0	395.61
ICE	2012	10	1	8	40	0	395.6
ICE	2012	10	8	8	25	0	391.76
ICE	2012	10	8	8	25	0	391.36
ICE	2012	10	15	8	10	0	394.68
ICE	2012	10	15	8	10	0	394.64
ICE	2012	10	22	8	35	0	394.16
ICE	2012	10	22	8	35	0	394.02
ICE	2012	10	29	8	10	0	395.59
ICE	2012	10	29	8	10	0	395.48
ICE	2012	11	5	8	10	0	394.47
ICE	2012	11	5	8	10	0	394.55
ICE	2012	11	12	8	35	0	395.26
ICE	2012	11	12	8	35	0	395.21
ICE	2012	11	20	15	10	0	398.19
ICE	2012	11	20	15	10	0	397.81
ICE	2012	11	26	8	5	0	399.57
ICE	2012	11	26	8	5	0	399.48
ICE	2012	12	3	8	50	0	403.94
ICE	2012	12	3	8	50	0	403.84
ICE	2012	12	10	9	5	0	399.68
ICE	2012	12	10	9	5	0	399.58
ICE	2012	12	17	9	40	0	409.46
ICE	2012	12	17	9	40	0	409.3
ICE	2012	12	24	7	55	0	402.84
ICE	2012	12	24	7	55	0	402.76
ICE	2012	12	31	9	25	0	401.36
ICE	2012	12	31	9	25	0	401.09
ICE	2013	1	7	9	25	0	406.59
ICE	2013	1	7	9	25	0	406.28
ICE	2013	1	14	8	15	0	402.58
ICE	2013	1	14	8	15	0	402.51
ICE	2013	1	21	8	5	0	400.48
ICE	2013	1	21	8	5	0	400.28
ICE	2013	1	28	9	35	0	401.77
ICE	2013	1	28	9	35	0	401.95
ICE	2013	2	4	8	50	0	403.25
ICE	2013	2	4	8	50	0	403.22
ICE	2013	2	11	9	10	0	403.22
ICE	2013	2	11	9	10	0	403.24
ICE	2013	2	18	9	25	0	401.95
ICE	2013	2	18	9	25	0	401.96
ICE	2013	2	25	7	50	0	400.68
ICE	2013	2	25	7	50	0	400.78
ICE	2013	3	6	15	5	0	401.83
ICE	2013	3	6	15	5	0	401.86
ICE	2013	3	11	7	45	0	402.85
ICE	2013	3	11	7	45	0	402.66
ICE	2013	3	18	9	55	0	406.01
ICE	2013	3	18	9	55	0	406.02
ICE	2013	3	25	8	25	0	402.22
ICE	2013	3	25	8	25	0	402.2
ICE	2013	4	1	9	15	0	402.54
ICE	2013	4	1	9	15	0	402.65
ICE	2013	4	8	8	20	0	404.9
ICE	2013	4	8	8	20	0	404.85
ICE	2013	4	15	8	35	0	406.57
ICE	2013	4	15	8	35	0	406.57
ICE	2013	4	22	8	10	0	402.64
ICE	2013	4	22	8	10	0	402.65
ICE	2013	4	29	8	15	0	403.36
ICE	2013	4	29	8	15	0	403.32
ICE	2013	5	6	8	20	0	407.83
ICE	2013	5	6	8	20	0	407.78
ICE	2013	5	13	7	35	0	404.35
ICE	2013	5	13	7	35	0	404.42
ICE	2013	5	20	8	40	0	404.36
ICE	2013	5	20	8	40	0	404.23
ICE	2013	5	27	8	30	0	402.69
ICE	2013	5	27	8	30	0	402.65
ICE	2013	6	3	8	25	0	398.87
ICE	2013	6	3	8	25	0	398.9
ICE	2013	6	10	8	10	0	398.51
ICE	2013	6	10	8	10	0	398.49
ICE	2013	6	17	8	25	0	401.77
ICE	2013	6	17	8	25	0	401.7
ICE	2013	6	24	8	50	0	401.96
ICE	2013	6	24	8	50	0	402.07
ICE	2013	7	1	9	35	0	398.62
ICE	2013	7	1	9	35	0	398.52
ICE	2013	7	8	8	35	0	397.88
ICE	2013	7	15	9	5	0	397.45
ICE	2013	7	15	9	5	0	397.47
ICE	2013	7	22	9	15	0	396.69
ICE	2013	7	22	9	15	0	396.65
ICE	2013	7	29	9	18	0	394.06
ICE	2013	7	29	9	18	0	394.39
ICE	2013	8	5	7	5	0	389.46
ICE	2013	8	5	7	5	0	389.07
ICE	2013	8	12	8	15	0	393.99
ICE	2013	8	12	8	15	0	393.8
ICE	2013	8	19	8	20	0	388.96
ICE	2013	8	19	8	20	0	388.96
ICE	2013	8	26	8	35	0	389.25
ICE	2013	8	26	8	35	0	389.19
ICE	2013	9	2	8	10	0	388.69
ICE	2013	9	2	8	10	0	388.69
ICE	2013	9	9	8	25	0	388.82
ICE	2013	9	9	8	25	0	388.83
ICE	2013	9	16	7	20	0	390.41
ICE	2013	9	16	7	20	0	390.44
ICE	2013	9	23	8	15	0	390.34
ICE	2013	9	23	8	15	0	390.27
ICE	2013	9	30	9	15	0	398.69
ICE	2013	9	30	9	15	0	398.35
ICE	2013	10	7	8	10	0	396.38
ICE	2013	10	7	8	10	0	395.83
ICE	2013	10	14	8	25	0	396.29
ICE	2013	10	14	8	25	0	396.15
ICE	2013	10	21	8	35	0	399.7
ICE	2013	10	21	8	35	0	399.93
ICE	2013	10	28	8	40	0	399.06
ICE	2013	10	28	8	40	0	398.63
ICE	2013	11	4	8	30	0	397.71
ICE	2013	11	4	8	30	0	397.78
ICE	2013	11	11	8	10	0	397.89
ICE	2013	11	11	8	10	0	397.95
ICE	2013	11	18	8	10	0	401.03
ICE	2013	11	18	8	10	0	401.03
ICE	2013	11	25	8	30	0	401.92
ICE	2013	11	25	8	30	0	401.97
ICE	2013	12	2	8	35	0	402.07
ICE	2013	12	2	8	35	0	402.13
ICE	2013	12	9	8	10	0	403.65
ICE	2013	12	9	8	10	0	403.67
ICE	2013	12	16	8	20	0	403.03
ICE	2013	12	16	8	20	0	403.2
ICE	2013	12	23	10	35	0	402.41
ICE	2013	12	23	10	35	0	402.3
ICE	2013	12	30	7	35	0	404.08
ICE	2013	12	30	7	35	0	404.1
ICE	2014	1	6	8	20	0	410.27
ICE	2014	1	6	8	20	0	410.07
ICE	2014	1	13	8	50	0	403.6
ICE	2014	1	13	8	50	0	403.53
ICE	2014	1	20	8	55	0	410.82
ICE	2014	1	20	8	55	0	410.78
ICE	2014	1	27	9	10	0	406.53
ICE	2014	1	27	9	10	0	406.49
ICE	2014	2	3	11	40	0	406.16
ICE	2014	2	3	11	40	0	406.22
ICE	2014	2	10	11	20	0	412.74
ICE	2014	2	10	11	20	0	412.7
ICE	2014	2	17	7	55	0	407.33
ICE	2014	2	17	7	55	0	407.05
ICE	2014	2	24	9	35	0	406.21
ICE	2014	2	24	9	35	0	406.09
ICE	2014	3	3	7	40	0	407.14
ICE	2014	3	3	7	40	0	407.13
ICE	2014	3	10	9	10	0	406.29
ICE	2014	3	10	9	10	0	406.16
ICE	2014	3	17	8	5	0	405.4
ICE	2014	3	17	8	5	0	405.5
ICE	2014	3	24	8	50	0	404.49
ICE	2014	3	24	8	50	0	404.47
ICE	2014	3	31	8	35	0	405.14
ICE	2014	3	31	8	35	0	405.09
ICE	2014	4	7	9	30	0	408.42
ICE	2014	4	7	9	30	0	408.36
ICE	2014	4	14	8	35	0	408.55
ICE	2014	4	14	8	35	0	408.31
ICE	2014	4	21	8	35	0	407.9
ICE	2014	4	21	8	35	0	407.9
ICE	2014	4	28	9	20	0	407.44
ICE	2014	4	28	9	20	0	407.37
ICE	2014	5	5	9	15	0	406.03
ICE	2014	5	5	9	15	0	406.07
ICE	2014	5	12	8	25	0	406.92
ICE	2014	5	12	8	25	0	406.94
ICE	2014	5	19	8	45	0	406.11
ICE	2014	5	19	8	45	0	406.18
ICE	2014	5	26	8	15	0	405.06
ICE	2014	5	26	8	15	0	405.13
ICE	2014	6	2	8	5	0	404.09
ICE	2014	6	2	8	5	0	404.03
ICE	2014	6	9	9	44	0	401.37
ICE	2014	6	9	9	44	0	401.25
ICE	2014	6	16	8	50	0	403.23
ICE	2014	6	16	8	50	0	403.24
ICE	2014	6	23	9	15	0	400.98
ICE	2014	6	23	9	15	0	400.94
ICE	2014	7	1	9	20	0	398.73
ICE	2014	7	1	9	20	0	398.76
ICE	2014	7	8	9	55	0	399.35
ICE	2014	7	8	9	55	0	399.26
ICE	2014	7	14	10	10	0	405.97
ICE	2014	7	14	10	10	0	405.36
ICE	2014	7	21	9	35	0	394.02
ICE	2014	7	21	9	35	0	394.05
ICE	2014	7	28	8	10	0	391.74
ICE	2014	7	28	8	10	0	391.71
ICE	2014	8	4	8	40	0	392.48
ICE	2014	8	4	8	40	0	392.33
ICE	2014	8	11	9	5	0	400.05
ICE	2014	8	11	9	5	0	400.08
ICE	2014	8	18	8	15	0	394.88
ICE	2014	8	18	8	15	0	394.6
ICE	2014	8	25	9	10	0	391.91
ICE	2014	8	25	9	10	0	391.86
ICE	2014	9	1	7	55	0	390.44
ICE	2014	9	1	7	55	0	390.51
ICE	2014	9	8	9	5	0	391.35
ICE	2014	9	8	9	5	0	391.17
ICE	2014	9	15	9	50	0	392.44
ICE	2014	9	15	9	50	0	392.52
ICE	2014	9	22	8	45	0	392.39
ICE	2014	9	22	8	45	0	392.52
ICE	2014	9	29	14	15	0	395.87
ICE	2014	9	29	14	15	0	395.88
ICE	2014	10	6	9	0	0	393.65
ICE	2014	10	6	9	0	0	393.62
ICE	2014	10	13	9	5	0	401.53
ICE	2014	10	13	9	5	0	401.38
ICE	2014	10	27	9	40	0	404.98
ICE	2014	10	27	9	40	0	405.09
ICE	2014	10	30	9	15	0	408.44
ICE	2014	10	30	9	15	0	408.2
ICE	2014	11	3	9	10	0	405.99
ICE	2014	11	3	9	10	0	405.74
ICE	2014	11	10	10	10	0	414.52
ICE	2014	11	10	10	10	0	413.91
ICE	2014	11	17	10	0	0	407.21
ICE	2014	11	17	10	0	0	406.95
ICE	2014	11	24	9	49	0	404.78
ICE	2014	11	24	9	49	0	404.7
ICE	2014	12	1	10	40	0	403.78
ICE	2014	12	1	10	40	0	403.77
ICE	2014	12	8	10	30	0	406.44
ICE	2014	12	8	10	30	0	406.37
ICE	2014	12	15	10	25	0	486.36
ICE	2014	12	15	10	25	0	486.87
ICE	2014	12	22	13	55	0	407.35
ICE	2014	12	22	13	55	0	407.42
ICE	2014	12	30	10	55	0	406.95
ICE	2014	12	30	10	55	0	407.05
ICE	2015	1	3	10	50	0	406.26
ICE	2015	1	3	10	50	0	408.66
ICE	2015	1	6	8	20	0	403.85
ICE	2015	1	6	8	20	0	403.93
ICE	2015	1	13	10	45	0	413.04
ICE	2015	1	13	10	45	0	412.17
ICE	2015	1	20	14	15	0	404.47
ICE	2015	1	20	14	15	0	404.5
ICE	2015	1	27	15	26	0	409.45
ICE	2015	1	27	15	26	0	409.39
ICE	2015	2	10	10	20	0	407.18
ICE	2015	2	10	10	20	0	406.66
ICE	2015	2	17	10	30	0	405.69
ICE	2015	2	17	10	30	0	405.44
ICE	2015	2	24	10	30	0	406.54
ICE	2015	2	24	10	30	0	406.31
ICE	2015	3	3	10	20	0	429.76
ICE	2015	3	3	10	20	0	429.03
ICE	2015	3	10	9	5	0	412.86
ICE	2015	3	10	9	5	0	413.04
ICE	2015	3	17	10	25	0	407.03
ICE	2015	3	17	10	25	0	408.12
ICE	2015	3	24	10	30	0	408.12
ICE	2015	3	24	10	30	0	408.15
ICE	2015	3	31	10	25	0	408.46
ICE	2015	3	31	10	25	0	408.62
ICE	2015	4	6	16	10	0	410.65
ICE	2015	4	6	16	10	0	410.9
ICE	2015	4	14	9	20	0	415.14
ICE	2015	4	14	9	20	0	415.05
ICE	2015	4	21	13	35	0	409.03
ICE	2015	4	21	13	35	0	409.33
ICE	2015	4	28	14	50	0	410.28
ICE	2015	4	28	14	50	0	410.63
ICE	2015	5	5	10	25	0	408.28
ICE	2015	5	5	10	25	0	408.15
ICE	2015	5	12	10	7	0	407.23
ICE	2015	5	12	10	7	0	407.17
ICE	2015	5	19	8	29	0	408.4
ICE	2015	5	19	8	29	0	407.86
ICE	2015	5	26	10	5	0	408.24
ICE	2015	5	26	10	5	0	408.48
ICE	2015	6	2	10	30	0	406.09
ICE	2015	6	2	10	30	0	406.16
ICE	2015	6	9	7	58	0	404.61
ICE	2015	6	9	7	58	0	404.54
ICE	2015	6	16	6	55	0	404.87
ICE	2015	6	16	6	55	0	404.75
ICE	2015	6	23	10	0	0	400.58
ICE	2015	6	23	10	0	0	400.46
ICE	2015	6	30	11	40	0	403.43
ICE	2015	6	30	11	40	0	403.34
ICE	2015	7	7	17	45	0	398.84
ICE	2015	7	7	17	45	0	398.61
ICE	2015	7	14	22	0	0	396.8
ICE	2015	7	14	22	0	0	397.23
ICE	2015	7	21	10	15	0	392.94
ICE	2015	7	21	10	15	0	393.24
ICE	2015	7	28	10	1	0	392.6
ICE	2015	7	28	10	1	0	392.27
ICE	2015	8	4	16	20	0	401.07
ICE	2015	8	4	16	20	0	408.71
ICE	2015	8	11	16	52	0	399.92
ICE	2015	8	11	16	52	0	399.19
ICE	2015	8	18	10	25	0	392.79
ICE	2015	8	18	10	25	0	392.65
ICE	2015	8	25	21	14	0	390.62
ICE	2015	8	25	21	14	0	390.7
ICE	2015	9	1	16	20	0	396.39
ICE	2015	9	1	16	20	0	395.88
ICE	2015	9	8	13	40	0	390.51
ICE	2015	9	15	11	25	0	413.56
ICE	2015	9	15	11	25	0	415.82
ICE	2015	9	22	8	26	0	396
ICE	2015	9	22	8	26	0	395.83
ICE	2015	9	29	9	4	0	403.37
ICE	2015	9	29	9	4	0	415.54
ICE	2015	10	6	8	32	0	481.84
ICE	2015	10	6	8	32	0	481.58
ICE	2015	10	13	13	45	0	398.53
ICE	2015	10	13	13	45	0	397.81
ICE	2015	10	20	8	37	0	414.13
ICE	2015	10	20	8	37	0	410.1
ICE	2015	10	27	8	51	0	399.97
ICE	2015	10	27	8	51	0	399.94
ICE	2015	11	3	7	45	0	402.22
ICE	2015	11	3	7	45	0	402.11
ICE	2015	11	10	8	27	0	406.15
ICE	2015	11	10	8	27	0	405.55
ICE	2015	11	17	8	14	0	481.99
ICE	2015	11	17	8	14	0	482.21
ICE	2015	11	24	8	8	0	408.87
ICE	2015	11	30	20	1	0	415.02
ICE	2015	11	30	20	1	0	414.6
ICE	2015	12	8	11	11	0	414.78
ICE	2015	12	8	11	11	0	413.56
ICE	2015	12	15	10	12	0	425.24
ICE	2015	12	15	10	12	0	427.44
ICE	2015	12	22	16	15	0	421.17
ICE	2015	12	22	16	15	0	423.66
ICE	2015	12	29	10	55	0	412.95
ICE	2015	12	29	10	55	0	411.97
ICE	2016	1	5	16	0	0	408.73
ICE	2016	1	5	16	0	0	408.59
ICE	2016	1	12	8	5	0	407.41
ICE	2016	1	12	8	5	0	407.45
ICE	2016	1	19	16	34	0	408.11
ICE	2016	1	19	16	34	0	408.3
ICE	2016	1	26	14	25	0	443.33
ICE	2016	1	26	14	25	0	436.16
ICE	2016	2	2	15	35	0	415.1
ICE	2016	2	2	15	35	0	415.76
ICE	2016	2	9	14	30	0	468.19
ICE	2016	2	9	14	30	0	454.21
ICE	2016	2	16	10	27	0	412.52
ICE	2016	2	16	10	27	0	412.23
ICE	2016	2	23	9	51	0	409.47
ICE	2016	2	23	9	51	0	408.91
ICE	2016	3	1	10	24	0	410.55
ICE	2016	3	1	10	24	0	413.51
ICE	2016	3	8	8	14	0	411.85
ICE	2016	3	8	8	14	0	411.72
ICE	2016	3	15	10	21	0	410.97
ICE	2016	3	15	10	21	0	410.86
ICE	2016	3	22	8	23	0	411.16
ICE	2016	3	22	8	23	0	411
ICE	2016	3	29	15	35	0	413.01
ICE	2016	3	29	15	35	0	412.76
ICE	2016	4	5	8	30	0	411.7
ICE	2016	4	5	8	30	0	411.31
ICE	2016	4	12	15	20	0	410.11
ICE	2016	4	12	15	20	0	410.32
ICE	2016	4	19	7	52	0	411.94
ICE	2016	4	19	7	52	0	411.55
ICE	2016	4	26	7	36	0	408.72
ICE	2016	4	26	7	36	0	408.48
ICE	2016	5	3	10	18	0	412.2
ICE	2016	5	3	10	18	0	411.81
ICE	2016	5	10	7	34	0	411.19
ICE	2016	5	10	7	34	0	411.24
ICE	2016	5	17	8	31	0	410.19
ICE	2016	5	17	8	31	0	410.05
ICE	2016	5	24	7	45	0	408.44
ICE	2016	5	24	7	45	0	408.29
ICE	2016	5	31	8	32	0	407.61
ICE	2016	5	31	8	32	0	407.52
ICE	2016	6	7	8	15	0	406.17
ICE	2016	6	7	8	15	0	406.34
ICE	2016	6	14	8	35	0	407.35
ICE	2016	6	14	8	35	0	406.98
ICE	2016	6	20	21	7	0	404.72
ICE	2016	6	20	21	7	0	404.5
ICE	2016	6	28	9	45	0	401.04
ICE	2016	6	28	9	45	0	400.97
ICE	2016	7	5	10	29	0	400.99
ICE	2016	7	5	10	29	0	401.23
ICE	2016	7	12	17	10	0	400.45
ICE	2016	7	12	17	10	0	400.37
ICE	2016	7	19	10	15	0	398.98
ICE	2016	7	19	10	15	0	398.83
ICE	2016	7	26	10	40	0	396.8
ICE	2016	7	26	10	40	0	397.3
ICE	2016	8	2	9	5	0	392.09
ICE	2016	8	2	9	5	0	392.59
ICE	2016	8	9	8	25	0	393.86
ICE	2016	8	9	8	25	0	393.57
ICE	2016	8	16	20	30	0	397.47
ICE	2016	8	16	20	30	0	397.15
ICE	2016	8	23	10	28	0	393.28
ICE	2016	8	23	10	28	0	393.09
ICE	2016	8	30	17	15	0	395.46
ICE	2016	8	30	17	15	0	395.69
ICE	2016	9	6	8	22	0	397.7
ICE	2016	9	6	8	22	0	397.49
ICE	2016	9	12	19	35	0	397.02
ICE	2016	9	20	7	51	0	397.04
ICE	2016	9	20	7	51	0	397.24
ICE	2016	9	27	12	33	0	397.31
ICE	2016	9	27	12	33	0	397.34
ICE	2016	10	4	10	29	0	398.84
ICE	2016	10	4	10	29	0	398.9
ICE	2016	10	11	13	20	0	403.94
ICE	2016	10	11	13	20	0	404.04
ICE	2016	10	18	8	21	0	404.33
ICE	2016	10	18	8	21	0	404.24
ICE	2016	10	25	10	21	0	404.12
ICE	2016	10	25	10	21	0	404.16
ICE	2016	11	1	12	54	0	404.79
ICE	2016	11	1	12	54	0	404.81
ICE	2016	11	8	10	13	0	405.5
ICE	2016	11	8	10	13	0	405.48
ICE	2016	11	15	14	15	0	404.89
ICE	2016	11	15	14	15	0	405
ICE	2016	11	22	10	45	0	409.3
ICE	2016	11	22	10	45	0	409.26
ICE	2016	11	29	10	15	0	406.43
ICE	2016	11	29	10	15	0	406.44
ICE	2016	12	6	10	30	0	408.62
ICE	2016	12	6	10	30	0	408.61
ICE	2016	12	13	10	40	0	410.22
ICE	2016	12	13	10	40	0	410.2
ICE	2016	12	20	8	57	0	409.08
ICE	2016	12	20	8	57	0	409.06
ICE	2016	12	27	19	20	0	409.78
ICE	2016	12	27	19	20	0	409.82
ICE	2017	1	3	10	48	0	411.97
ICE	2017	1	3	10	48	0	412
ICE	2017	1	10	10	21	0	410.47
ICE	2017	1	10	10	21	0	410.67
ICE	2017	1	17	10	13	0	409.42
ICE	2017	1	17	10	13	0	409.33
ICE	2017	1	24	18	0	0	409.41
ICE	2017	1	24	18	0	0	409.58
ICE	2017	1	31	10	34	0	410.67
ICE	2017	1	31	10	34	0	410.72
ICE	2017	2	7	10	10	0	410.66
ICE	2017	2	7	10	10	0	410.6
ICE	2017	2	14	13	22	0	413.52
ICE	2017	2	14	13	22	0	413.54
ICE	2017	2	21	10	4	0	411.47
ICE	2017	2	21	10	4	0	411.1
ICE	2017	2	28	8	41	0	411.69
ICE	2017	2	28	8	41	0	411.63
ICE	2017	3	7	6	52	0	413.05
ICE	2017	3	7	6	52	0	412.99
ICE	2017	3	14	10	58	0	412.68
ICE	2017	3	14	10	58	0	412.74
ICE	2017	3	21	13	15	0	412.29
ICE	2017	3	21	13	15	0	412.32
ICE	2017	3	31	9	15	0	414.34
ICE	2017	3	31	9	15	0	414.3
ICE	2017	4	11	16	20	0	410.83
ICE	2017	4	11	16	20	0	410.83
ICE	2017	4	18	11	21	0	412.19
ICE	2017	4	18	11	21	0	412.17
ICE	2017	4	25	14	30	0	412.47
ICE	2017	4	25	14	30	0	412.45
ICE	2017	5	2	11	27	0	410.56
ICE	2017	5	2	11	27	0	410.48
ICE	2017	5	8	10	5	0	410.06
ICE	2017	5	8	10	5	0	409.86
ICE	2017	5	16	8	53	0	411.03
ICE	2017	5	16	8	53	0	411.17
ICE	2017	5	23	16	0	0	410.31
ICE	2017	5	23	16	0	0	410.25
ICE	2017	6	1	10	50	0	409.59
ICE	2017	6	1	10	50	0	409.64
ICE	2017	6	6	14	41	0	409.52
ICE	2017	6	6	14	41	0	409.47
ICE	2017	6	13	14	30	0	406.78
ICE	2017	6	13	14	30	0	406.68
ICE	2017	6	20	16	29	0	409.33
ICE	2017	6	20	16	29	0	409.37
ICE	2017	6	27	12	34	56	404.13
ICE	2017	6	27	12	34	56	404.03
ICE	2017	6	30	17	45	0	402.39
ICE	2017	6	30	17	45	0	402.16
ICE	2017	7	11	12	34	56	401.18
ICE	2017	7	11	12	34	56	401.24
ICE	2017	7	18	12	34	56	400.64
ICE	2017	7	18	12	34	56	401.24
ICE	2017	7	25	12	0	0	326.56
ICE	2017	7	25	12	0	0	328.26
ICE	2017	8	1	14	0	0	326.04
ICE	2017	8	1	14	0	0	327.72
ICE	2017	9	28	13	11	0	397.94
ICE	2017	9	28	13	11	0	398.39
ICE	2017	10	3	7	35	0	400.99
ICE	2017	10	3	7	35	0	401.27
ICE	2017	10	10	8	40	0	401.42
ICE	2017	10	10	8	40	0	401.4
ICE	2017	10	17	8	53	0	404.05
ICE	2017	10	17	8	53	0	404.04
ICE	2017	10	24	11	30	0	407.24
ICE	2017	10	24	11	30	0	407.19
ICE	2017	10	31	8	40	0	406.14
ICE	2017	10	31	8	40	0	406.15
ICE	2017	11	7	10	6	0	407.81
ICE	2017	11	7	10	6	0	407.79
ICE	2017	11	14	10	59	0	408.38
ICE	2017	11	14	10	59	0	408.25
ICE	2017	11	21	10	15	0	466.05
ICE	2017	11	21	10	15	0	455.22
ICE	2017	11	22	10	14	0	410.23
ICE	2017	11	22	10	14	0	410.36
ICE	2017	12	5	10	2	0	411.03
ICE	2017	12	5	10	2	0	411.04
ICE	2017	12	12	10	5	0	411.11
ICE	2017	12	12	10	5	0	411
ICE	2017	12	19	9	53	0	411.32
ICE	2017	12	19	9	53	0	411.34
ICE	2017	12	27	18	10	0	412.17
ICE	2017	12	27	18	10	0	412.13
