sample_site_code	sample_year	sample_month	sample_day	sample_hour	sample_minute	sample_seconds	analysis_value
ZEP	1994	2	11	14	30	0	362.97
ZEP	1994	2	11	14	30	0	362.82
ZEP	1994	2	14	14	30	0	363.09
ZEP	1994	2	14	14	30	0	362.95
ZEP	1994	2	17	9	45	0	362.89
ZEP	1994	2	17	9	45	0	362.88
ZEP	1994	2	19	14	0	0	362.23
ZEP	1994	2	19	14	0	0	362.2
ZEP	1994	2	21	14	0	0	362.71
ZEP	1994	2	21	14	0	0	362.6
ZEP	1994	2	22	15	0	0	364.27
ZEP	1994	2	22	15	0	0	364.13
ZEP	1994	2	23	8	0	0	365.1
ZEP	1994	2	23	8	0	0	364.96
ZEP	1994	2	23	17	15	0	364.12
ZEP	1994	2	23	17	15	0	364.11
ZEP	1994	4	22	8	55	0	364.39
ZEP	1994	4	28	7	40	0	365.12
ZEP	1994	4	28	7	40	0	365.11
ZEP	1994	5	5	12	34	56	364.09
ZEP	1994	5	12	12	34	56	363.19
ZEP	1994	5	12	12	34	56	363.33
ZEP	1994	5	16	12	45	0	363.94
ZEP	1994	5	16	12	45	0	363.93
ZEP	1994	5	18	7	30	0	363.26
ZEP	1994	5	18	7	30	0	363.22
ZEP	1994	5	21	7	45	0	363.5
ZEP	1994	5	21	7	45	0	363.46
ZEP	1994	5	23	7	30	0	362.92
ZEP	1994	5	23	7	30	0	362.92
ZEP	1994	5	26	16	15	0	362.97
ZEP	1994	5	26	16	15	0	362.95
ZEP	1994	5	28	7	25	0	363.05
ZEP	1994	5	29	9	30	0	363.4
ZEP	1994	5	29	9	30	0	363.44
ZEP	1994	5	31	8	0	0	363.64
ZEP	1994	5	31	8	0	0	363.59
ZEP	1994	6	2	7	20	0	363.87
ZEP	1994	6	2	7	20	0	363.85
ZEP	1994	6	5	16	10	0	363.25
ZEP	1994	6	5	16	10	0	363.28
ZEP	1994	6	7	10	9	0	363.43
ZEP	1994	6	7	10	9	0	363.43
ZEP	1994	6	9	9	38	0	-999.99
ZEP	1994	6	9	9	38	0	363.28
ZEP	1994	6	13	8	40	0	361.93
ZEP	1994	6	14	8	40	0	360.93
ZEP	1994	6	14	8	40	0	360.89
ZEP	1994	6	15	8	8	0	360.09
ZEP	1994	6	15	8	8	0	360.07
ZEP	1994	6	17	8	15	0	360.55
ZEP	1994	6	17	8	15	0	360.63
ZEP	1994	6	20	8	25	0	361.92
ZEP	1994	6	20	8	25	0	361.88
ZEP	1994	6	23	7	25	0	360.82
ZEP	1994	6	23	7	25	0	360.81
ZEP	1994	6	30	7	6	0	356.53
ZEP	1994	6	30	7	6	0	356.52
ZEP	1994	7	1	8	30	0	356.8
ZEP	1994	7	1	8	30	0	356.76
ZEP	1994	7	4	9	24	0	357.15
ZEP	1994	7	4	9	24	0	357.1
ZEP	1994	7	6	8	43	0	359.08
ZEP	1994	7	6	8	43	0	359.1
ZEP	1994	7	8	8	48	0	358.2
ZEP	1994	7	8	8	48	0	358.25
ZEP	1994	7	11	9	35	0	358
ZEP	1994	7	11	9	35	0	357.99
ZEP	1994	7	13	7	35	0	356.29
ZEP	1994	7	13	7	35	0	356.24
ZEP	1994	7	15	8	2	0	354.78
ZEP	1994	7	15	8	2	0	354.77
ZEP	1994	7	18	8	22	0	355.06
ZEP	1994	7	18	8	22	0	355.01
ZEP	1994	7	20	8	25	0	355.35
ZEP	1994	7	20	8	25	0	355.37
ZEP	1994	7	22	12	34	56	353.07
ZEP	1994	7	27	8	48	0	353.5
ZEP	1994	7	27	8	48	0	353.4
ZEP	1994	7	29	8	50	0	352.7
ZEP	1994	8	1	9	32	0	353.2
ZEP	1994	8	1	9	32	0	353.17
ZEP	1994	8	8	8	30	0	352.3
ZEP	1994	8	8	8	30	0	352.25
ZEP	1994	8	10	8	55	0	352.71
ZEP	1994	8	10	8	55	0	352.63
ZEP	1994	8	18	9	0	0	350.66
ZEP	1994	8	18	9	0	0	350.76
ZEP	1994	8	25	8	15	0	349.55
ZEP	1994	8	25	8	15	0	349.5
ZEP	1994	8	31	13	38	0	349.07
ZEP	1994	8	31	13	38	0	348.99
ZEP	1994	9	8	7	55	0	348.95
ZEP	1994	9	15	8	30	0	349.15
ZEP	1994	9	15	8	30	0	349.16
ZEP	1994	9	22	8	0	0	351.17
ZEP	1994	9	22	8	0	0	351.15
ZEP	1994	9	29	8	20	0	352.95
ZEP	1994	9	29	8	20	0	352.96
ZEP	1994	10	6	8	14	0	354.27
ZEP	1994	10	6	8	14	0	354.17
ZEP	1994	10	13	8	42	0	355.57
ZEP	1994	10	13	8	42	0	355.56
ZEP	1994	10	20	8	20	0	357.16
ZEP	1994	10	20	8	20	0	357.07
ZEP	1994	10	27	10	10	0	357.66
ZEP	1994	10	27	10	10	0	357.97
ZEP	1994	11	3	10	25	0	358.36
ZEP	1994	11	3	10	25	0	358.34
ZEP	1994	11	10	8	20	0	359.1
ZEP	1994	11	10	8	20	0	359.03
ZEP	1994	11	17	8	58	0	360.58
ZEP	1994	11	17	8	58	0	360.52
ZEP	1994	11	24	8	40	0	365.04
ZEP	1994	11	24	8	40	0	362.23
ZEP	1994	12	1	22	50	0	416.52
ZEP	1994	12	1	23	5	0	362.67
ZEP	1994	12	1	23	5	0	362.61
ZEP	1994	12	10	10	13	0	365.39
ZEP	1994	12	10	10	13	0	365.4
ZEP	1994	12	15	8	37	0	362.59
ZEP	1994	12	15	8	37	0	362.58
ZEP	1994	12	22	14	43	0	363.87
ZEP	1994	12	22	14	43	0	363.83
ZEP	1994	12	29	10	5	0	364.26
ZEP	1994	12	29	10	5	0	364.23
ZEP	1995	1	5	8	45	0	363.52
ZEP	1995	1	5	8	45	0	363.58
ZEP	1995	1	12	9	20	0	362.72
ZEP	1995	1	12	9	20	0	362.68
ZEP	1995	1	20	9	4	0	363.53
ZEP	1995	1	26	8	53	0	364.74
ZEP	1995	1	26	8	53	0	364.74
ZEP	1995	2	2	9	30	0	365.48
ZEP	1995	2	2	9	30	0	365.54
ZEP	1995	2	9	9	18	0	364.85
ZEP	1995	2	9	9	18	0	364.83
ZEP	1995	2	16	8	50	0	364.82
ZEP	1995	2	16	8	50	0	364.74
ZEP	1995	2	23	9	5	0	368.61
ZEP	1995	2	23	9	5	0	368.63
ZEP	1995	3	2	9	25	0	368.37
ZEP	1995	3	2	9	25	0	368.26
ZEP	1995	3	9	9	21	0	365.45
ZEP	1995	3	16	9	55	0	366.99
ZEP	1995	3	16	9	55	0	366.99
ZEP	1995	3	23	10	30	0	366.3
ZEP	1995	3	23	10	30	0	366.29
ZEP	1995	3	31	8	25	0	367.04
ZEP	1995	3	31	8	25	0	366.94
ZEP	1995	4	6	7	56	0	366.11
ZEP	1995	4	6	7	56	0	366.1
ZEP	1995	4	13	8	35	0	366.86
ZEP	1995	4	13	8	35	0	366.62
ZEP	1995	4	20	8	6	0	365.93
ZEP	1995	4	20	8	6	0	365.97
ZEP	1995	4	27	8	30	0	365.87
ZEP	1995	4	27	8	30	0	366.88
ZEP	1995	5	4	8	17	0	365.07
ZEP	1995	5	4	8	17	0	364.97
ZEP	1995	5	11	8	10	0	364.81
ZEP	1995	5	11	8	10	0	365.07
ZEP	1995	5	18	7	35	0	365.35
ZEP	1995	5	18	7	35	0	365.3
ZEP	1995	5	25	7	50	0	364.97
ZEP	1995	5	25	7	50	0	364.97
ZEP	1995	6	2	14	10	0	364.53
ZEP	1995	6	2	14	10	0	364.56
ZEP	1995	6	9	8	20	0	363.94
ZEP	1995	6	9	8	20	0	363.93
ZEP	1995	6	9	8	30	0	363.99
ZEP	1995	6	9	8	30	0	363.85
ZEP	1995	6	11	8	0	0	364.09
ZEP	1995	6	11	8	0	0	364.05
ZEP	1995	6	13	7	33	0	363.92
ZEP	1995	6	13	7	33	0	363.9
ZEP	1995	6	14	17	58	0	363.5
ZEP	1995	6	14	17	58	0	363.47
ZEP	1995	6	15	12	57	0	363.61
ZEP	1995	6	15	12	57	0	363.57
ZEP	1995	6	16	18	12	0	363.4
ZEP	1995	6	16	18	12	0	363.37
ZEP	1995	6	17	14	5	0	363.04
ZEP	1995	6	17	14	5	0	363.06
ZEP	1995	6	18	13	10	0	362.09
ZEP	1995	6	18	13	10	0	362.11
ZEP	1995	6	19	13	50	0	361.61
ZEP	1995	6	19	13	50	0	361.53
ZEP	1995	6	20	13	50	0	362.09
ZEP	1995	6	20	13	50	0	-999.99
ZEP	1995	6	22	7	25	0	360.89
ZEP	1995	6	22	7	25	0	360.86
ZEP	1995	6	22	17	10	0	361.05
ZEP	1995	6	22	17	10	0	361.06
ZEP	1995	6	23	7	50	0	360.61
ZEP	1995	6	23	7	50	0	360.63
ZEP	1995	6	23	12	50	0	359.98
ZEP	1995	6	23	12	50	0	359.95
ZEP	1995	6	23	14	35	0	358.98
ZEP	1995	6	23	14	35	0	384.29
ZEP	1995	6	23	17	10	0	360.05
ZEP	1995	6	24	7	30	0	359.32
ZEP	1995	6	24	7	30	0	359.15
ZEP	1995	6	24	16	55	0	361.98
ZEP	1995	6	24	16	55	0	361.89
ZEP	1995	6	25	12	0	0	362.09
ZEP	1995	6	25	12	0	0	362.08
ZEP	1995	6	30	7	45	0	361.99
ZEP	1995	6	30	7	45	0	361.93
ZEP	1995	7	7	7	37	0	359.57
ZEP	1995	7	7	7	37	0	359.62
ZEP	1995	7	14	7	45	0	356.58
ZEP	1995	7	14	7	45	0	356.56
ZEP	1995	7	21	8	50	0	355.9
ZEP	1995	7	21	8	50	0	355.76
ZEP	1995	7	28	9	5	0	353.89
ZEP	1995	7	28	9	5	0	353.84
ZEP	1995	8	3	8	31	0	353.54
ZEP	1995	8	3	8	31	0	353.47
ZEP	1995	8	11	7	50	0	352.42
ZEP	1995	8	11	7	50	0	352.38
ZEP	1995	8	18	9	15	0	351.21
ZEP	1995	8	18	9	15	0	351.14
ZEP	1995	8	24	7	30	0	351.63
ZEP	1995	8	24	7	30	0	351.59
ZEP	1995	9	1	9	35	0	352.3
ZEP	1995	9	1	9	35	0	352.27
ZEP	1995	9	8	8	45	0	352.41
ZEP	1995	9	8	8	45	0	352.38
ZEP	1995	9	14	8	55	0	352.72
ZEP	1995	9	14	8	55	0	352.7
ZEP	1995	9	22	9	30	0	353.17
ZEP	1995	9	22	9	30	0	353.24
ZEP	1995	9	28	9	35	0	357.29
ZEP	1995	9	28	9	35	0	357.24
ZEP	1995	10	5	7	40	0	358.53
ZEP	1995	10	5	7	40	0	358.45
ZEP	1995	10	13	10	40	0	357.45
ZEP	1995	10	13	10	40	0	357.42
ZEP	1995	10	19	9	0	0	358.42
ZEP	1995	10	19	9	0	0	358.3
ZEP	1995	10	26	8	45	0	362.39
ZEP	1995	10	26	8	45	0	362.34
ZEP	1995	11	3	9	22	0	362.82
ZEP	1995	11	3	9	22	0	362.76
ZEP	1995	11	9	8	30	0	362.89
ZEP	1995	11	9	8	30	0	362.73
ZEP	1995	11	17	7	42	0	370.18
ZEP	1995	11	17	7	42	0	365.83
ZEP	1995	11	23	8	30	0	365.82
ZEP	1995	11	30	8	50	0	365.04
ZEP	1995	11	30	8	50	0	364.36
ZEP	1995	12	8	8	35	0	363.78
ZEP	1995	12	8	8	35	0	363.62
ZEP	1995	12	14	8	30	0	366.68
ZEP	1995	12	14	8	30	0	366.72
ZEP	1995	12	21	7	40	0	368.23
ZEP	1995	12	21	7	40	0	-999.99
ZEP	1995	12	29	8	48	0	362.98
ZEP	1995	12	29	8	48	0	362.88
ZEP	1996	1	4	10	0	0	367.14
ZEP	1996	1	4	10	0	0	367.06
ZEP	1996	1	12	9	55	0	367
ZEP	1996	1	12	9	55	0	366.94
ZEP	1996	1	18	8	50	0	364.56
ZEP	1996	1	18	8	50	0	364.6
ZEP	1996	2	1	10	28	0	366.24
ZEP	1996	2	1	10	28	0	366.13
ZEP	1996	2	16	9	15	0	366.56
ZEP	1996	2	16	9	15	0	366.61
ZEP	1996	2	22	9	50	0	366.22
ZEP	1996	2	22	9	50	0	366.31
ZEP	1996	2	29	9	30	0	366.29
ZEP	1996	2	29	9	30	0	366.5
ZEP	1996	3	8	9	10	0	366.53
ZEP	1996	3	8	9	10	0	366.46
ZEP	1996	3	15	9	40	0	369.12
ZEP	1996	3	16	8	55	0	366.91
ZEP	1996	3	16	8	55	0	366.88
ZEP	1996	3	19	13	45	0	367.74
ZEP	1996	3	19	13	45	0	367.74
ZEP	1996	3	20	14	10	0	366.7
ZEP	1996	3	20	14	10	0	366.69
ZEP	1996	3	21	10	5	0	366.34
ZEP	1996	3	21	10	5	0	366.43
ZEP	1996	3	29	10	5	0	367.63
ZEP	1996	3	29	10	5	0	367.69
ZEP	1996	4	4	8	55	0	370.54
ZEP	1996	4	4	8	55	0	368.79
ZEP	1996	4	12	16	30	0	367.79
ZEP	1996	4	12	16	30	0	367.83
ZEP	1996	4	19	9	30	0	368.44
ZEP	1996	4	19	9	30	0	368.5
ZEP	1996	4	25	8	35	0	367.56
ZEP	1996	4	25	8	35	0	367.61
ZEP	1996	5	2	10	15	0	368.81
ZEP	1996	5	2	10	15	0	368.75
ZEP	1996	5	9	8	20	0	368.71
ZEP	1996	5	9	8	20	0	368.67
ZEP	1996	5	16	8	45	0	368.22
ZEP	1996	5	16	8	45	0	368.16
ZEP	1996	5	24	9	35	0	367.6
ZEP	1996	5	24	9	35	0	367.7
ZEP	1996	5	30	8	45	0	367.56
ZEP	1996	5	30	8	45	0	403.23
ZEP	1996	6	6	9	15	0	366.48
ZEP	1996	6	6	9	15	0	366.32
ZEP	1996	6	9	21	5	0	-999.99
ZEP	1996	6	9	21	5	0	365.83
ZEP	1996	6	10	23	10	0	365.94
ZEP	1996	6	10	23	10	0	365.86
ZEP	1996	6	12	19	30	0	365.89
ZEP	1996	6	12	19	30	0	365.95
ZEP	1996	6	14	9	30	0	366.25
ZEP	1996	6	14	9	30	0	364.02
ZEP	1996	6	16	7	55	0	366.28
ZEP	1996	6	16	7	55	0	366.46
ZEP	1996	6	17	8	40	0	366.6
ZEP	1996	6	17	8	40	0	366.61
ZEP	1996	6	18	8	40	0	366.02
ZEP	1996	6	18	8	40	0	366.1
ZEP	1996	6	19	9	50	0	366.15
ZEP	1996	6	19	9	50	0	366.15
ZEP	1996	6	20	8	30	0	366.21
ZEP	1996	6	20	8	30	0	366.26
ZEP	1996	6	22	16	40	0	364.64
ZEP	1996	6	22	16	40	0	364.63
ZEP	1996	6	23	7	45	0	363.67
ZEP	1996	6	23	7	45	0	363.64
ZEP	1996	6	23	19	10	0	365.17
ZEP	1996	6	23	19	10	0	365.2
ZEP	1996	6	24	8	30	0	364.93
ZEP	1996	6	24	8	30	0	364.86
ZEP	1996	6	25	13	50	0	365.37
ZEP	1996	6	25	13	50	0	365.37
ZEP	1996	6	26	13	5	0	365.42
ZEP	1996	6	26	13	5	0	365.4
ZEP	1996	6	28	8	30	0	365.82
ZEP	1996	6	28	8	30	0	365.6
ZEP	1996	7	5	9	25	0	363.4
ZEP	1996	7	5	9	25	0	363.4
ZEP	1996	7	11	9	7	0	361.34
ZEP	1996	7	18	9	15	0	360.69
ZEP	1996	7	18	9	15	0	360.67
ZEP	1996	7	25	9	5	0	359.45
ZEP	1996	7	25	9	5	0	359.49
ZEP	1996	8	2	8	48	0	327.06
ZEP	1996	8	2	8	48	0	326.96
ZEP	1996	8	8	7	57	0	355.79
ZEP	1996	8	8	7	57	0	355.59
ZEP	1996	8	15	9	25	0	355.05
ZEP	1996	8	15	9	25	0	355.29
ZEP	1996	8	22	8	24	0	355.09
ZEP	1996	8	22	8	24	0	355.09
ZEP	1996	8	31	9	0	0	354.09
ZEP	1996	8	31	9	0	0	354.02
ZEP	1996	9	5	7	45	0	353.64
ZEP	1996	9	5	7	45	0	353.58
ZEP	1996	9	13	9	35	0	354.04
ZEP	1996	9	13	9	35	0	354.02
ZEP	1996	9	19	8	46	0	353.51
ZEP	1996	9	19	8	46	0	353.43
ZEP	1996	9	26	8	35	0	354.98
ZEP	1996	9	26	8	35	0	354.88
ZEP	1996	10	3	8	30	0	356.86
ZEP	1996	10	3	8	30	0	356.79
ZEP	1996	10	10	7	55	0	359.61
ZEP	1996	10	10	7	55	0	359.64
ZEP	1996	10	17	8	30	0	359.26
ZEP	1996	10	17	8	30	0	359.09
ZEP	1996	10	24	8	45	0	360.94
ZEP	1996	10	24	8	45	0	360.77
ZEP	1996	11	1	9	55	0	364.27
ZEP	1996	11	1	9	55	0	364.26
ZEP	1996	11	7	8	35	0	364.77
ZEP	1996	11	15	13	30	0	365.63
ZEP	1996	11	15	13	30	0	365.55
ZEP	1996	11	22	9	55	0	365.73
ZEP	1996	11	22	9	55	0	365.7
ZEP	1996	11	28	8	20	0	364
ZEP	1996	11	28	8	20	0	363.73
ZEP	1996	12	5	9	0	0	365.39
ZEP	1996	12	5	9	0	0	365.34
ZEP	1996	12	12	9	0	0	365.51
ZEP	1996	12	12	9	0	0	365.51
ZEP	1996	12	19	9	30	0	364.92
ZEP	1996	12	19	9	30	0	364.91
ZEP	1996	12	26	8	45	0	366.17
ZEP	1996	12	26	8	45	0	369.96
ZEP	1997	1	3	8	40	0	367.9
ZEP	1997	1	3	8	40	0	367.87
ZEP	1997	1	9	9	50	0	368.2
ZEP	1997	1	9	9	50	0	368.19
ZEP	1997	1	16	8	45	0	372.79
ZEP	1997	1	16	8	45	0	372.59
ZEP	1997	1	24	9	30	0	367.09
ZEP	1997	1	24	9	30	0	367.05
ZEP	1997	1	30	9	45	0	368.21
ZEP	1997	1	30	9	45	0	368.12
ZEP	1997	2	6	9	20	0	370.93
ZEP	1997	2	6	9	20	0	371.15
ZEP	1997	2	14	9	25	0	369.18
ZEP	1997	2	14	9	25	0	369.21
ZEP	1997	2	22	9	55	0	369.37
ZEP	1997	2	22	9	55	0	369.3
ZEP	1997	2	27	8	45	0	372.12
ZEP	1997	2	27	8	45	0	372.08
ZEP	1997	3	6	9	59	0	368.02
ZEP	1997	3	21	9	35	0	369.3
ZEP	1997	3	21	9	35	0	369.38
ZEP	1997	3	21	9	35	0	369.27
ZEP	1997	3	27	9	0	0	368.96
ZEP	1997	3	27	9	0	0	368.9
ZEP	1997	3	27	9	0	0	368.89
ZEP	1997	4	3	8	50	0	368.57
ZEP	1997	4	3	8	50	0	368.51
ZEP	1997	4	3	8	50	0	368.49
ZEP	1997	4	10	8	30	0	368.28
ZEP	1997	4	10	8	30	0	368.36
ZEP	1997	4	10	8	30	0	368.33
ZEP	1997	4	10	9	35	0	372.06
ZEP	1997	4	10	9	35	0	372.12
ZEP	1997	4	10	9	35	0	372.1
ZEP	1997	4	17	8	35	0	369.23
ZEP	1997	4	17	8	35	0	369.25
ZEP	1997	4	17	10	30	0	368.96
ZEP	1997	4	17	10	30	0	368.17
ZEP	1997	4	17	10	30	0	368.06
ZEP	1997	4	25	13	35	0	369.69
ZEP	1997	4	25	13	35	0	369.81
ZEP	1997	4	25	13	35	0	369.73
ZEP	1997	5	2	8	15	0	369.47
ZEP	1997	5	2	8	15	0	369.49
ZEP	1997	5	2	8	15	0	369.5
ZEP	1997	5	8	7	25	0	369.67
ZEP	1997	5	8	7	25	0	369.75
ZEP	1997	5	8	7	25	0	369.74
ZEP	1997	5	15	8	25	0	367.86
ZEP	1997	5	15	8	25	0	368.92
ZEP	1997	5	15	8	25	0	368.84
ZEP	1997	5	22	13	30	0	368.58
ZEP	1997	5	22	13	30	0	368.85
ZEP	1997	5	22	13	30	0	368.78
ZEP	1997	5	29	8	10	0	367.73
ZEP	1997	5	29	8	10	0	367.54
ZEP	1997	6	6	9	35	0	370.15
ZEP	1997	6	6	9	35	0	370.49
ZEP	1997	6	12	7	38	0	367.83
ZEP	1997	6	12	7	38	0	367.77
ZEP	1997	6	19	6	55	0	365.27
ZEP	1997	6	19	6	55	0	365.31
ZEP	1997	6	19	6	55	0	365.24
ZEP	1997	6	26	8	0	0	365.94
ZEP	1997	6	26	8	0	0	366.22
ZEP	1997	6	26	8	0	0	366.17
ZEP	1997	7	3	7	0	0	363.73
ZEP	1997	7	3	7	0	0	363.68
ZEP	1997	7	10	7	50	0	361.63
ZEP	1997	7	10	7	50	0	361.6
ZEP	1997	7	17	8	55	0	359.74
ZEP	1997	7	17	8	55	0	359.75
ZEP	1997	7	24	7	5	0	360.1
ZEP	1997	7	24	7	5	0	360
ZEP	1997	7	31	6	50	0	356.35
ZEP	1997	7	31	6	50	0	356.43
ZEP	1997	8	8	8	8	0	354.77
ZEP	1997	8	8	8	8	0	354.71
ZEP	1997	9	4	7	10	0	354.21
ZEP	1997	9	4	7	10	0	354.51
ZEP	1997	9	11	7	20	0	355.2
ZEP	1997	9	11	7	20	0	355.24
ZEP	1997	9	25	8	34	0	360.04
ZEP	1997	9	25	8	34	0	359.72
ZEP	1997	10	1	12	37	0	358.31
ZEP	1997	10	1	12	37	0	358.72
ZEP	1997	10	2	8	36	0	358.29
ZEP	1997	10	2	8	36	0	358.34
ZEP	1997	10	9	8	15	0	358.15
ZEP	1997	10	9	8	15	0	358.08
ZEP	1997	10	16	7	40	0	358.46
ZEP	1997	10	16	7	40	0	358.44
ZEP	1997	11	6	7	55	0	365.48
ZEP	1997	11	6	7	55	0	365.44
ZEP	1997	11	13	8	25	0	364.62
ZEP	1997	11	13	8	25	0	364.61
ZEP	1997	11	21	7	43	0	366.69
ZEP	1997	11	21	7	43	0	366.67
ZEP	1997	11	27	12	31	0	366.44
ZEP	1997	11	27	12	31	0	366.39
ZEP	1997	12	5	9	23	0	366.11
ZEP	1997	12	5	9	23	0	366.1
ZEP	1997	12	12	12	58	0	368.66
ZEP	1997	12	12	12	58	0	368.68
ZEP	1997	12	18	9	52	0	367.27
ZEP	1997	12	18	9	52	0	367.27
ZEP	1997	12	25	9	32	0	494.07
ZEP	1997	12	25	9	32	0	368.55
ZEP	1998	1	1	10	13	0	367.57
ZEP	1998	1	1	10	13	0	367.53
ZEP	1998	1	8	6	55	0	370.4
ZEP	1998	1	8	6	55	0	370.44
ZEP	1998	1	16	8	55	0	371.88
ZEP	1998	1	16	8	55	0	371.89
ZEP	1998	1	29	8	45	0	371.64
ZEP	1998	1	29	8	45	0	371.67
ZEP	1998	2	20	8	50	0	369.5
ZEP	1998	2	20	8	50	0	369.48
ZEP	1998	2	26	9	45	0	369.25
ZEP	1998	2	26	9	45	0	369.7
ZEP	1998	3	5	9	34	0	372.48
ZEP	1998	3	5	9	34	0	372.5
ZEP	1998	3	12	9	5	0	369.83
ZEP	1998	3	12	9	5	0	369.82
ZEP	1998	3	20	7	55	0	371.1
ZEP	1998	3	20	7	55	0	371.08
ZEP	1998	4	3	8	35	0	369.87
ZEP	1998	4	3	8	35	0	369.84
ZEP	1998	4	9	8	7	0	370.34
ZEP	1998	4	9	8	7	0	370.25
ZEP	1998	4	16	9	12	0	371.07
ZEP	1998	4	16	9	12	0	371.09
ZEP	1998	4	24	6	40	0	371.08
ZEP	1998	4	24	6	40	0	371.18
ZEP	1998	5	1	7	46	0	371.27
ZEP	1998	5	1	7	46	0	371.26
ZEP	1998	5	7	8	44	0	371.36
ZEP	1998	5	7	8	44	0	371.34
ZEP	1998	5	14	6	38	0	370.4
ZEP	1998	5	14	6	38	0	370.44
ZEP	1998	5	21	7	30	0	371.96
ZEP	1998	5	21	7	30	0	371.76
ZEP	1998	5	28	8	25	0	370.95
ZEP	1998	5	28	8	25	0	370.97
ZEP	1998	6	4	7	40	0	371.22
ZEP	1998	6	4	7	40	0	371.17
ZEP	1998	6	26	7	33	0	367.81
ZEP	1998	6	26	7	33	0	367.86
ZEP	1998	7	3	9	30	0	366.72
ZEP	1998	7	3	9	30	0	366.74
ZEP	1998	7	10	7	50	0	359.26
ZEP	1998	7	10	7	50	0	359.31
ZEP	1998	7	17	9	35	0	360.38
ZEP	1998	7	17	9	35	0	360.44
ZEP	1998	7	24	8	5	0	356.51
ZEP	1998	7	30	8	30	0	358.9
ZEP	1998	7	30	8	30	0	358.86
ZEP	1998	8	7	8	30	0	359.26
ZEP	1998	8	7	8	30	0	359.21
ZEP	1998	8	13	8	8	0	358.22
ZEP	1998	8	13	8	8	0	358.19
ZEP	1998	8	22	14	30	0	355.05
ZEP	1998	8	22	14	30	0	355.07
ZEP	1998	8	23	10	25	0	355.15
ZEP	1998	8	23	10	25	0	354.98
ZEP	1998	8	27	8	13	0	356.31
ZEP	1998	8	27	8	13	0	356.25
ZEP	1998	9	3	8	2	0	357.43
ZEP	1998	9	3	8	2	0	357.42
ZEP	1998	9	24	8	12	0	360.91
ZEP	1998	9	24	8	12	0	360.93
ZEP	1998	10	2	11	23	0	360.92
ZEP	1998	10	2	11	23	0	360.91
ZEP	1998	10	8	8	18	0	363.79
ZEP	1998	10	8	8	18	0	363.88
ZEP	1998	10	16	8	45	0	368.31
ZEP	1998	10	16	8	45	0	368.11
ZEP	1998	10	22	9	30	0	366.08
ZEP	1998	10	22	9	30	0	366.1
ZEP	1998	10	30	10	7	0	368.12
ZEP	1998	10	30	10	7	0	368.04
ZEP	1998	11	5	8	45	0	367.85
ZEP	1998	11	20	9	15	0	370.23
ZEP	1998	11	20	9	15	0	370.14
ZEP	1998	11	26	8	45	0	368.9
ZEP	1998	11	26	8	45	0	368.71
ZEP	1998	12	4	10	15	0	369.82
ZEP	1998	12	4	10	15	0	369.76
ZEP	1998	12	11	9	5	0	370.16
ZEP	1998	12	11	9	5	0	363.18
ZEP	1998	12	18	9	50	0	371.84
ZEP	1998	12	18	9	50	0	371.75
ZEP	1998	12	31	8	47	0	372.81
ZEP	1998	12	31	8	47	0	372.58
ZEP	1999	1	7	13	20	0	372.19
ZEP	1999	1	7	13	20	0	372.22
ZEP	1999	1	9	15	0	0	372.79
ZEP	1999	1	9	15	0	0	372.74
ZEP	1999	1	14	9	0	0	370.74
ZEP	1999	1	14	9	0	0	370.74
ZEP	1999	1	21	9	16	0	373.14
ZEP	1999	1	21	9	16	0	372.58
ZEP	1999	1	29	9	8	0	371.86
ZEP	1999	1	29	9	8	0	366.74
ZEP	1999	2	6	9	0	0	372.02
ZEP	1999	2	6	9	0	0	371.9
ZEP	1999	2	11	9	0	0	374.94
ZEP	1999	2	11	9	0	0	374.9
ZEP	1999	2	18	9	5	0	373.62
ZEP	1999	2	18	9	5	0	373.53
ZEP	1999	2	25	8	55	0	373.45
ZEP	1999	2	25	8	55	0	373.49
ZEP	1999	3	4	9	18	0	373
ZEP	1999	3	4	9	18	0	370.63
ZEP	1999	3	11	8	55	0	376.88
ZEP	1999	3	25	9	0	0	373.37
ZEP	1999	3	25	9	0	0	372
ZEP	1999	4	2	8	5	0	374.12
ZEP	1999	4	2	8	5	0	374.04
ZEP	1999	4	9	8	10	0	376.34
ZEP	1999	4	9	8	10	0	376.26
ZEP	1999	4	15	8	35	0	375.87
ZEP	1999	4	15	8	35	0	375.87
ZEP	1999	4	22	8	45	0	374.54
ZEP	1999	4	22	8	45	0	374.48
ZEP	1999	5	1	8	53	0	374.76
ZEP	1999	5	1	8	53	0	374.79
ZEP	1999	5	6	8	32	0	374.65
ZEP	1999	5	6	8	32	0	374.53
ZEP	1999	5	14	9	0	0	373.08
ZEP	1999	5	14	9	0	0	374.64
ZEP	1999	5	21	8	58	0	373.62
ZEP	1999	5	21	8	58	0	373.57
ZEP	1999	5	27	8	50	0	369.81
ZEP	1999	5	27	8	50	0	372.68
ZEP	1999	6	7	8	40	0	372.94
ZEP	1999	6	7	8	40	0	371.71
ZEP	1999	6	11	9	30	0	370.66
ZEP	1999	6	11	9	30	0	369.08
ZEP	1999	6	17	8	30	0	370.03
ZEP	1999	6	17	8	30	0	331.64
ZEP	1999	7	15	9	45	0	430.92
ZEP	1999	7	15	9	45	0	393.5
ZEP	1999	7	22	9	15	0	363.43
ZEP	1999	7	22	9	15	0	363.01
ZEP	1999	7	26	9	30	0	364.44
ZEP	1999	7	26	9	30	0	368.88
ZEP	1999	7	29	9	0	0	362.19
ZEP	1999	7	29	9	0	0	361.92
ZEP	1999	8	2	8	55	0	361.09
ZEP	1999	8	2	8	55	0	361.27
ZEP	1999	8	5	12	34	56	360.85
ZEP	1999	8	5	12	34	56	360.86
ZEP	1999	8	9	13	40	0	362
ZEP	1999	8	9	13	40	0	361.81
ZEP	1999	8	12	9	0	0	364.35
ZEP	1999	8	12	9	0	0	362.87
ZEP	1999	8	20	8	55	0	372.26
ZEP	1999	8	20	8	55	0	372.9
ZEP	1999	8	23	13	18	0	360.88
ZEP	1999	8	23	13	18	0	360.94
ZEP	1999	8	26	6	50	0	361.77
ZEP	1999	8	26	6	50	0	361.55
ZEP	1999	8	30	8	10	0	364.41
ZEP	1999	8	30	8	10	0	364.76
ZEP	1999	9	2	8	30	0	357.69
ZEP	1999	9	2	8	30	0	351.6
ZEP	1999	9	6	8	15	0	362.06
ZEP	1999	9	6	8	15	0	362.24
ZEP	1999	9	9	9	0	0	359.05
ZEP	1999	9	9	9	0	0	358.95
ZEP	1999	9	13	7	15	0	363.79
ZEP	1999	9	13	7	15	0	364.38
ZEP	1999	9	16	8	47	0	359.23
ZEP	1999	9	16	8	47	0	357.12
ZEP	1999	9	20	9	0	0	359.13
ZEP	1999	9	20	9	0	0	362.51
ZEP	1999	9	23	11	20	0	361.58
ZEP	1999	9	23	11	20	0	361.72
ZEP	1999	9	27	8	45	0	367.72
ZEP	1999	9	27	8	45	0	367.05
ZEP	1999	9	30	9	3	0	361.96
ZEP	1999	9	30	9	3	0	360.92
ZEP	1999	10	4	9	20	0	366.99
ZEP	1999	10	4	9	20	0	366.87
ZEP	1999	10	7	8	45	0	365.95
ZEP	1999	10	7	8	45	0	365.42
ZEP	1999	10	11	9	0	0	367.17
ZEP	1999	10	11	9	0	0	368.42
ZEP	1999	10	14	9	20	0	370.08
ZEP	1999	10	14	9	20	0	369.7
ZEP	1999	10	18	8	55	0	366.96
ZEP	1999	10	18	8	55	0	366.72
ZEP	1999	10	21	8	45	0	366.08
ZEP	1999	10	21	8	45	0	365.75
ZEP	1999	10	25	9	15	0	369.48
ZEP	1999	10	25	9	15	0	371.61
ZEP	1999	10	28	8	55	0	368.28
ZEP	1999	10	28	8	55	0	367.97
ZEP	1999	11	4	9	55	0	370.39
ZEP	1999	11	4	9	55	0	370.31
ZEP	1999	11	8	9	25	0	368.87
ZEP	1999	11	8	9	25	0	368.91
ZEP	1999	11	11	10	28	0	369.99
ZEP	1999	11	11	10	28	0	369.97
ZEP	1999	11	15	9	15	0	370.97
ZEP	1999	11	15	9	15	0	370.16
ZEP	1999	11	18	9	1	0	371.04
ZEP	1999	11	18	9	1	0	370.85
ZEP	1999	11	25	10	50	0	376.48
ZEP	1999	11	25	10	50	0	377.09
ZEP	1999	11	29	9	30	0	377.49
ZEP	1999	11	29	9	30	0	377.74
ZEP	1999	12	2	9	20	0	373.76
ZEP	1999	12	2	9	20	0	373.96
ZEP	1999	12	6	9	33	0	376.8
ZEP	1999	12	6	9	33	0	377.04
ZEP	1999	12	9	9	5	0	375.83
ZEP	1999	12	9	9	5	0	376.92
ZEP	1999	12	13	9	5	0	373.1
ZEP	1999	12	13	9	5	0	373.19
ZEP	1999	12	16	9	43	0	376.9
ZEP	1999	12	16	9	43	0	377.24
ZEP	1999	12	20	9	55	0	378.92
ZEP	1999	12	20	9	55	0	379.02
ZEP	1999	12	23	10	20	0	382.56
ZEP	1999	12	23	10	20	0	384.1
ZEP	1999	12	27	10	10	0	378.86
ZEP	1999	12	27	10	10	0	378.33
ZEP	1999	12	30	9	20	0	377.86
ZEP	1999	12	30	9	20	0	377.67
ZEP	2000	1	3	9	0	0	384.43
ZEP	2000	1	3	9	0	0	385.18
ZEP	2000	1	6	9	20	0	380.16
ZEP	2000	1	6	9	20	0	382.69
ZEP	2000	1	10	9	20	0	377.59
ZEP	2000	1	10	9	20	0	377.72
ZEP	2000	1	14	9	47	0	377.22
ZEP	2000	1	14	9	47	0	376.87
ZEP	2000	1	17	10	35	0	375.54
ZEP	2000	1	17	10	35	0	375.39
ZEP	2000	1	20	9	0	0	375.63
ZEP	2000	1	20	9	0	0	375.54
ZEP	2000	1	24	9	0	0	375.9
ZEP	2000	1	24	9	0	0	376.72
ZEP	2000	1	27	9	25	0	376.64
ZEP	2000	1	27	9	25	0	376.6
ZEP	2000	1	31	9	40	0	385.02
ZEP	2000	1	31	9	40	0	383.91
ZEP	2000	2	3	9	25	0	377.64
ZEP	2000	2	7	15	30	0	374.31
ZEP	2000	2	7	15	30	0	374.77
ZEP	2000	2	10	8	45	0	382.62
ZEP	2000	2	10	8	45	0	381.3
ZEP	2000	2	14	10	30	0	377.37
ZEP	2000	2	14	10	30	0	377.38
ZEP	2000	2	18	9	34	0	376.57
ZEP	2000	2	18	9	34	0	376.13
ZEP	2000	2	21	9	30	0	400.16
ZEP	2000	2	21	9	30	0	394.44
ZEP	2000	2	24	9	45	0	375.72
ZEP	2000	2	24	9	45	0	375.91
ZEP	2000	2	28	10	55	0	376.16
ZEP	2000	2	28	10	55	0	375.91
ZEP	2000	3	2	9	30	0	379.18
ZEP	2000	3	2	9	30	0	379.31
ZEP	2000	3	6	10	20	0	379.46
ZEP	2000	3	6	10	20	0	379.31
ZEP	2000	3	10	13	50	0	386.44
ZEP	2000	3	10	13	50	0	388.27
ZEP	2000	3	15	18	0	0	376.52
ZEP	2000	3	15	18	0	0	376.47
ZEP	2000	3	16	10	30	0	375.65
ZEP	2000	3	16	10	30	0	375.68
ZEP	2000	3	20	10	15	0	375.63
ZEP	2000	3	20	10	15	0	373.99
ZEP	2000	3	23	10	20	0	376.73
ZEP	2000	3	23	10	20	0	376.73
ZEP	2000	3	27	9	40	0	375.38
ZEP	2000	3	27	9	40	0	375.27
ZEP	2000	3	30	8	55	0	375.38
ZEP	2000	3	30	8	55	0	375.28
ZEP	2000	4	3	9	10	0	374.36
ZEP	2000	4	3	9	10	0	374.36
ZEP	2000	4	6	10	30	0	374.69
ZEP	2000	4	10	10	50	0	375.6
ZEP	2000	4	13	9	5	0	375.85
ZEP	2000	4	13	9	5	0	375.74
ZEP	2000	4	21	9	10	0	375.8
ZEP	2000	4	21	9	10	0	375.85
ZEP	2000	4	24	9	0	0	375.87
ZEP	2000	4	24	9	0	0	375.96
ZEP	2000	4	27	9	15	0	375.81
ZEP	2000	4	27	9	15	0	375.62
ZEP	2000	5	1	11	0	0	375.55
ZEP	2000	5	1	11	0	0	375.52
ZEP	2000	5	4	9	0	0	375.38
ZEP	2000	5	4	9	0	0	375.42
ZEP	2000	5	9	8	30	0	375.2
ZEP	2000	5	9	8	30	0	375.17
ZEP	2000	5	11	9	6	0	375.81
ZEP	2000	5	11	9	6	0	375.82
ZEP	2000	5	11	9	50	0	375.69
ZEP	2000	5	11	9	50	0	375.69
ZEP	2000	5	15	9	0	0	375.76
ZEP	2000	5	15	9	0	0	375.64
ZEP	2000	5	18	9	45	0	375.21
ZEP	2000	5	18	9	45	0	375.18
ZEP	2000	5	22	9	20	0	373.79
ZEP	2000	5	22	9	20	0	373.74
ZEP	2000	5	25	9	0	0	374.27
ZEP	2000	5	25	9	0	0	374.25
ZEP	2000	5	29	8	55	0	374.94
ZEP	2000	5	29	8	55	0	375.01
ZEP	2000	6	2	9	27	0	473.55
ZEP	2000	6	2	9	27	0	570.52
ZEP	2000	6	5	9	30	0	374.38
ZEP	2000	6	5	9	30	0	374.35
ZEP	2000	6	8	9	25	0	375.16
ZEP	2000	6	8	9	25	0	374.78
ZEP	2000	6	12	9	30	0	373.5
ZEP	2000	6	12	9	30	0	373.46
ZEP	2000	6	15	9	0	0	373.96
ZEP	2000	6	15	9	0	0	374.01
ZEP	2000	6	19	9	15	0	373.31
ZEP	2000	6	19	9	15	0	373.28
ZEP	2000	6	22	9	5	0	372.03
ZEP	2000	6	22	9	5	0	372.07
ZEP	2000	6	26	9	19	0	371.63
ZEP	2000	6	26	9	19	0	371.59
ZEP	2000	6	29	9	5	0	371.12
ZEP	2000	6	29	9	5	0	371.12
ZEP	2000	7	3	9	2	0	370.42
ZEP	2000	7	3	9	2	0	370.43
ZEP	2000	7	6	8	50	0	369.39
ZEP	2000	7	6	8	50	0	369.36
ZEP	2000	7	11	8	5	0	367.63
ZEP	2000	7	11	8	5	0	367.67
ZEP	2000	7	13	8	57	0	367.56
ZEP	2000	7	13	8	57	0	367.51
ZEP	2000	7	17	9	16	0	365.23
ZEP	2000	7	17	9	16	0	365.26
ZEP	2000	7	20	8	55	0	362.55
ZEP	2000	7	20	8	55	0	362.61
ZEP	2000	7	24	9	30	0	364.62
ZEP	2000	7	24	9	30	0	364.69
ZEP	2000	7	27	8	52	0	363.27
ZEP	2000	7	27	8	52	0	363.27
ZEP	2000	8	1	12	34	56	362.58
ZEP	2000	8	1	12	34	56	362.6
ZEP	2000	8	3	8	59	0	361.99
ZEP	2000	8	3	8	59	0	362.05
ZEP	2000	8	7	8	59	0	360.38
ZEP	2000	8	7	8	59	0	360.35
ZEP	2000	8	10	9	5	0	359.86
ZEP	2000	8	10	9	5	0	359.87
ZEP	2000	8	14	9	36	0	360.33
ZEP	2000	8	14	9	36	0	360.17
ZEP	2000	8	18	10	12	0	359.25
ZEP	2000	8	18	10	12	0	359.25
ZEP	2000	8	22	8	30	0	360.05
ZEP	2000	8	22	8	30	0	360.05
ZEP	2000	8	29	8	54	0	359.7
ZEP	2000	8	29	8	54	0	359.73
ZEP	2000	9	1	10	10	0	360.58
ZEP	2000	9	1	10	10	0	360.51
ZEP	2000	9	7	9	35	0	360.02
ZEP	2000	9	7	9	35	0	360.03
ZEP	2000	9	12	9	48	0	359.94
ZEP	2000	9	12	9	48	0	359.9
ZEP	2000	9	18	8	55	0	361.73
ZEP	2000	9	21	9	7	0	360.96
ZEP	2000	9	21	9	7	0	360.84
ZEP	2000	9	25	8	15	0	362.64
ZEP	2000	9	25	8	15	0	362.63
ZEP	2000	9	29	8	15	0	363.34
ZEP	2000	9	29	8	15	0	363.34
ZEP	2000	10	2	9	5	0	362.06
ZEP	2000	10	2	9	5	0	362.07
ZEP	2000	10	6	9	45	0	364.45
ZEP	2000	10	6	9	45	0	367.24
ZEP	2000	10	6	10	25	0	364.13
ZEP	2000	10	6	10	25	0	364.13
ZEP	2000	10	9	9	35	0	367.43
ZEP	2000	10	9	9	35	0	367.46
ZEP	2000	10	13	10	17	0	370.67
ZEP	2000	10	13	10	17	0	370.73
ZEP	2000	10	16	10	7	0	367.72
ZEP	2000	10	16	10	7	0	367.73
ZEP	2000	10	20	9	50	0	367.66
ZEP	2000	10	20	9	50	0	367.5
ZEP	2000	10	24	7	34	0	367.76
ZEP	2000	10	24	7	34	0	367.74
ZEP	2000	10	28	13	32	0	367.33
ZEP	2000	10	28	13	32	0	367.34
ZEP	2000	11	2	9	45	0	368.45
ZEP	2000	11	2	9	45	0	368.3
ZEP	2000	11	7	10	9	0	371.94
ZEP	2000	11	7	10	9	0	371.9
ZEP	2000	11	10	9	50	0	372.15
ZEP	2000	11	10	9	50	0	372.16
ZEP	2000	11	13	12	34	56	371.94
ZEP	2000	11	13	12	34	56	371.93
ZEP	2000	11	16	8	30	0	371.33
ZEP	2000	11	16	8	30	0	371.27
ZEP	2000	11	20	8	55	0	372.03
ZEP	2000	11	20	8	55	0	372.09
ZEP	2000	11	24	10	5	0	372
ZEP	2000	11	24	10	5	0	371.93
ZEP	2000	11	27	9	29	0	372.31
ZEP	2000	11	27	9	29	0	372.28
ZEP	2000	11	30	10	38	0	372.35
ZEP	2000	11	30	10	38	0	372.49
ZEP	2000	12	4	11	21	0	373.59
ZEP	2000	12	4	11	21	0	373.6
ZEP	2000	12	7	9	36	0	373.54
ZEP	2000	12	7	9	36	0	373.64
ZEP	2000	12	18	9	25	0	373.1
ZEP	2000	12	18	9	25	0	373.18
ZEP	2000	12	21	9	10	0	375.24
ZEP	2000	12	21	9	10	0	375.26
ZEP	2000	12	25	9	50	0	376.36
ZEP	2000	12	25	9	50	0	376.36
ZEP	2000	12	28	8	25	0	375.16
ZEP	2000	12	28	8	25	0	375.11
ZEP	2001	1	1	12	34	56	374.53
ZEP	2001	1	1	12	34	56	374.54
ZEP	2001	1	4	11	0	0	377.27
ZEP	2001	1	4	11	0	0	377.3
ZEP	2001	1	8	10	20	0	375.75
ZEP	2001	1	8	10	20	0	375.7
ZEP	2001	1	11	8	42	0	377.74
ZEP	2001	1	11	8	42	0	377.77
ZEP	2001	1	15	9	55	0	377.49
ZEP	2001	1	15	9	55	0	377.48
ZEP	2001	1	18	8	30	0	377.38
ZEP	2001	1	18	8	30	0	377.34
ZEP	2001	1	22	10	5	0	374.88
ZEP	2001	1	22	10	5	0	374.77
ZEP	2001	1	25	9	10	0	375.39
ZEP	2001	1	25	9	10	0	375.22
ZEP	2001	1	29	9	40	0	377
ZEP	2001	1	29	9	40	0	376.96
ZEP	2001	2	4	13	10	0	375.37
ZEP	2001	2	4	13	10	0	376.12
ZEP	2001	2	8	8	13	0	378.41
ZEP	2001	2	8	8	13	0	378.42
ZEP	2001	2	12	10	25	0	374.51
ZEP	2001	2	15	8	30	0	374.87
ZEP	2001	2	15	8	30	0	374.86
ZEP	2001	2	20	9	50	0	375.05
ZEP	2001	2	20	9	50	0	375.04
ZEP	2001	2	22	9	32	0	376.86
ZEP	2001	2	22	9	32	0	376.79
ZEP	2001	2	26	10	23	0	375.81
ZEP	2001	2	26	10	23	0	375.85
ZEP	2001	3	1	12	50	0	376.08
ZEP	2001	3	1	12	50	0	376.09
ZEP	2001	3	5	9	25	0	375
ZEP	2001	3	5	9	25	0	376.46
ZEP	2001	3	8	9	38	0	377.12
ZEP	2001	3	8	9	38	0	377.01
ZEP	2001	3	12	8	57	0	376.06
ZEP	2001	3	12	8	57	0	376.1
ZEP	2001	3	15	8	20	0	376.42
ZEP	2001	3	15	8	20	0	376.46
ZEP	2001	3	19	9	42	0	376.95
ZEP	2001	3	19	9	42	0	377.05
ZEP	2001	3	22	9	44	0	376.18
ZEP	2001	3	22	9	44	0	376.32
ZEP	2001	3	26	7	55	0	376.77
ZEP	2001	3	26	7	55	0	376.71
ZEP	2001	3	29	9	0	0	374.57
ZEP	2001	3	29	9	0	0	376.07
ZEP	2001	4	2	7	42	0	376.25
ZEP	2001	4	2	7	42	0	376.24
ZEP	2001	4	5	8	47	0	377.8
ZEP	2001	4	5	8	47	0	377.85
ZEP	2001	4	9	8	22	0	376.89
ZEP	2001	4	9	8	22	0	376.97
ZEP	2001	4	12	7	25	0	376.95
ZEP	2001	4	12	7	25	0	376.94
ZEP	2001	4	16	7	30	0	377.07
ZEP	2001	4	16	7	30	0	377.09
ZEP	2001	4	19	8	30	0	377.43
ZEP	2001	4	19	8	30	0	377.4
ZEP	2001	4	23	12	34	56	377.6
ZEP	2001	4	23	12	34	56	377.62
ZEP	2001	4	26	8	3	0	376.31
ZEP	2001	4	26	8	3	0	376.43
ZEP	2001	4	30	9	40	0	376.3
ZEP	2001	4	30	9	40	0	376.33
ZEP	2001	5	3	7	58	0	376.29
ZEP	2001	5	3	7	58	0	376.3
ZEP	2001	5	10	9	15	0	378.05
ZEP	2001	5	10	9	15	0	378.01
ZEP	2001	5	17	8	0	0	377.88
ZEP	2001	5	17	8	0	0	377.85
ZEP	2001	5	24	10	2	0	376.5
ZEP	2001	5	24	10	2	0	376.49
ZEP	2001	5	31	9	54	0	377.24
ZEP	2001	5	31	9	54	0	377.2
ZEP	2001	6	7	8	15	0	376.64
ZEP	2001	6	7	8	15	0	376.62
ZEP	2001	6	14	8	18	0	370.81
ZEP	2001	6	14	8	18	0	370.9
ZEP	2001	6	21	10	20	0	368.31
ZEP	2001	6	21	10	20	0	368.32
ZEP	2001	6	28	8	33	0	373.11
ZEP	2001	6	28	8	33	0	372.96
ZEP	2001	7	5	9	8	0	370.29
ZEP	2001	7	5	9	8	0	370.23
ZEP	2001	7	12	9	29	0	369.66
ZEP	2001	7	12	9	29	0	369.42
ZEP	2001	7	19	8	25	0	366.59
ZEP	2001	7	19	8	25	0	366.59
ZEP	2001	7	26	8	25	0	364.69
ZEP	2001	7	26	8	25	0	364.7
ZEP	2001	8	2	8	38	0	364.53
ZEP	2001	8	2	8	38	0	364.56
ZEP	2001	8	13	13	6	0	360.04
ZEP	2001	8	13	13	6	0	359.94
ZEP	2001	8	16	8	16	0	361.89
ZEP	2001	8	16	8	16	0	361.92
ZEP	2001	8	23	8	46	0	362.01
ZEP	2001	8	23	8	46	0	361.92
ZEP	2001	8	30	8	33	0	361.42
ZEP	2001	8	30	8	33	0	361.47
ZEP	2001	9	6	7	43	0	362.25
ZEP	2001	9	6	7	43	0	362.28
ZEP	2001	9	13	8	55	0	361.71
ZEP	2001	9	14	8	13	0	366.16
ZEP	2001	9	14	8	13	0	366.17
ZEP	2001	9	29	9	0	0	365.77
ZEP	2001	9	29	9	0	0	365.69
ZEP	2001	10	4	8	43	0	366.13
ZEP	2001	10	11	8	40	0	367.64
ZEP	2001	10	11	8	40	0	366.94
ZEP	2001	10	18	8	35	0	368.16
ZEP	2001	10	18	8	35	0	368.17
ZEP	2001	10	26	14	40	0	369.57
ZEP	2001	11	1	9	42	0	370.98
ZEP	2001	11	1	9	42	0	370.96
ZEP	2001	11	8	9	5	0	374.25
ZEP	2001	11	8	9	5	0	374.3
ZEP	2001	11	15	9	0	0	376.89
ZEP	2001	11	15	9	0	0	376.65
ZEP	2001	11	22	9	50	0	375.37
ZEP	2001	11	22	9	50	0	375.45
ZEP	2001	11	29	12	34	56	376.15
ZEP	2001	11	29	12	34	56	376.08
ZEP	2001	12	6	9	35	0	373.94
ZEP	2001	12	6	9	35	0	373.88
ZEP	2001	12	13	8	35	0	375.52
ZEP	2001	12	13	8	35	0	375.4
ZEP	2001	12	20	9	50	0	379.43
ZEP	2001	12	20	9	50	0	379.57
ZEP	2001	12	27	13	42	0	376.69
ZEP	2001	12	27	13	42	0	376.69
ZEP	2002	1	3	12	34	56	375.06
ZEP	2002	1	3	12	34	56	375.01
ZEP	2002	1	10	10	0	0	375.69
ZEP	2002	1	10	10	0	0	375.68
ZEP	2002	1	17	9	50	0	378.15
ZEP	2002	1	17	9	50	0	378.05
ZEP	2002	1	25	10	30	0	378.87
ZEP	2002	1	25	10	30	0	379.03
ZEP	2002	1	31	9	50	0	377.79
ZEP	2002	1	31	9	50	0	377.77
ZEP	2002	2	7	9	34	0	378.6
ZEP	2002	2	7	9	34	0	378.57
ZEP	2002	2	15	9	2	0	377.05
ZEP	2002	2	15	9	2	0	377.05
ZEP	2002	2	21	9	4	0	379.23
ZEP	2002	2	21	9	54	0	379.03
ZEP	2002	2	21	9	54	0	379.08
ZEP	2002	2	28	12	34	56	378.55
ZEP	2002	2	28	12	34	56	378.49
ZEP	2002	3	10	11	30	0	378.38
ZEP	2002	3	10	11	30	0	378.35
ZEP	2002	3	15	10	25	0	378.3
ZEP	2002	3	15	10	25	0	378.26
ZEP	2002	3	18	9	20	0	439.86
ZEP	2002	3	18	9	20	0	377.7
ZEP	2002	3	22	9	26	0	377.76
ZEP	2002	3	22	9	26	0	377.75
ZEP	2002	3	29	10	40	0	379.14
ZEP	2002	3	29	10	40	0	379.14
ZEP	2002	4	5	9	5	0	377.97
ZEP	2002	4	5	9	5	0	378.04
ZEP	2002	4	11	8	11	0	378.7
ZEP	2002	4	11	8	11	0	378.39
ZEP	2002	4	25	8	8	0	378.41
ZEP	2002	4	25	8	8	0	378.39
ZEP	2002	5	3	8	56	0	369.08
ZEP	2002	5	3	8	56	0	774.06
ZEP	2002	5	10	8	52	0	379.26
ZEP	2002	5	10	8	52	0	379
ZEP	2002	5	17	8	3	0	377.87
ZEP	2002	5	17	8	3	0	377.96
ZEP	2002	5	23	8	34	0	378.93
ZEP	2002	5	23	8	34	0	378.91
ZEP	2002	5	30	8	4	0	375.31
ZEP	2002	5	30	8	4	0	375.38
ZEP	2002	6	6	8	25	0	375.26
ZEP	2002	6	6	8	25	0	375.15
ZEP	2002	6	13	8	12	0	376.35
ZEP	2002	6	13	8	12	0	376.31
ZEP	2002	6	22	13	30	0	375.16
ZEP	2002	6	22	13	30	0	375.08
ZEP	2002	6	27	8	33	0	373.39
ZEP	2002	6	27	8	33	0	373.37
ZEP	2002	7	4	8	14	0	371.52
ZEP	2002	7	4	8	14	0	371.49
ZEP	2002	7	11	3	46	0	370.31
ZEP	2002	7	11	3	46	0	370.25
ZEP	2002	7	18	7	32	0	368.41
ZEP	2002	7	18	7	32	0	368.43
ZEP	2002	7	25	7	45	0	366.4
ZEP	2002	7	25	7	45	0	366.32
ZEP	2002	8	8	9	42	0	364.55
ZEP	2002	8	8	9	42	0	364.5
ZEP	2002	8	15	8	11	0	362.66
ZEP	2002	8	15	8	11	0	362.67
ZEP	2002	8	22	7	28	0	364.53
ZEP	2002	8	22	7	28	0	364.71
ZEP	2002	8	29	8	7	0	351
ZEP	2002	8	29	8	7	0	363.07
ZEP	2002	9	6	8	30	0	363.36
ZEP	2002	9	6	8	30	0	363.45
ZEP	2002	9	12	8	17	0	363.33
ZEP	2002	9	12	8	17	0	363.27
ZEP	2002	9	19	8	30	0	366.3
ZEP	2002	9	26	7	32	0	366.33
ZEP	2002	9	26	7	32	0	366.25
ZEP	2002	10	3	8	30	0	367.47
ZEP	2002	10	3	8	30	0	367.43
ZEP	2002	10	10	8	44	0	366.22
ZEP	2002	10	10	8	59	0	369.65
ZEP	2002	10	10	8	59	0	369.58
ZEP	2002	12	5	8	45	0	381.66
ZEP	2002	12	5	8	45	0	381.59
ZEP	2002	12	19	8	30	0	381.95
ZEP	2002	12	19	8	30	0	382.18
ZEP	2002	12	26	10	36	0	376.9
ZEP	2002	12	26	10	36	0	376.87
ZEP	2003	1	2	8	30	0	376.68
ZEP	2003	1	2	8	30	0	376.69
ZEP	2003	1	9	7	36	0	378.98
ZEP	2003	1	9	7	36	0	379.15
ZEP	2003	1	16	7	55	0	379.33
ZEP	2003	1	16	7	55	0	379.36
ZEP	2003	1	23	10	0	0	379.43
ZEP	2003	1	23	10	0	0	379.25
ZEP	2003	1	30	8	15	0	381.87
ZEP	2003	1	30	8	15	0	381.79
ZEP	2003	2	6	9	23	0	379.67
ZEP	2003	2	6	9	23	0	379.67
ZEP	2003	2	13	9	22	0	379.84
ZEP	2003	2	27	7	58	0	380.78
ZEP	2003	2	27	7	58	0	380.69
ZEP	2003	3	13	13	55	0	381.34
ZEP	2003	3	13	13	55	0	381.33
ZEP	2003	3	20	8	27	0	382.21
ZEP	2003	3	20	8	27	0	382.05
ZEP	2003	3	27	9	36	0	380.91
ZEP	2003	3	27	9	36	0	380.87
ZEP	2003	4	3	8	30	0	382.14
ZEP	2003	4	3	8	30	0	382.11
ZEP	2003	4	7	17	21	0	379.28
ZEP	2003	4	7	17	21	0	382.19
ZEP	2003	4	8	7	0	0	380.31
ZEP	2003	4	8	7	0	0	380.33
ZEP	2003	4	9	11	24	0	381
ZEP	2003	4	9	11	24	0	380.93
ZEP	2003	4	10	7	8	0	380.53
ZEP	2003	4	10	7	8	0	380.6
ZEP	2003	4	11	8	1	0	380.39
ZEP	2003	4	11	8	1	0	380.41
ZEP	2003	4	12	12	2	0	380.83
ZEP	2003	4	12	12	2	0	380.83
ZEP	2003	4	13	9	43	0	384.18
ZEP	2003	4	13	9	43	0	384.18
ZEP	2003	4	14	13	1	0	382.75
ZEP	2003	4	14	13	1	0	382.67
ZEP	2003	4	15	6	41	0	380.37
ZEP	2003	4	15	6	41	0	380.24
ZEP	2003	4	17	6	58	0	380.91
ZEP	2003	4	17	6	58	0	380.88
ZEP	2003	4	24	7	40	0	381.65
ZEP	2003	4	24	7	40	0	381.63
ZEP	2003	5	1	10	0	0	382.59
ZEP	2003	5	1	10	0	0	381.92
ZEP	2003	5	8	7	40	0	381.99
ZEP	2003	5	8	7	40	0	382
ZEP	2003	5	15	8	55	0	381.41
ZEP	2003	5	22	7	0	0	381.46
ZEP	2003	5	22	7	20	0	381.24
ZEP	2003	5	22	7	20	0	381.28
ZEP	2003	5	27	7	57	0	380.24
ZEP	2003	5	27	7	57	0	380.4
ZEP	2003	5	29	10	35	0	380.84
ZEP	2003	5	29	10	35	0	380.89
ZEP	2003	6	5	6	35	0	379.67
ZEP	2003	6	5	6	35	0	379.61
ZEP	2003	6	12	10	20	0	381.45
ZEP	2003	6	12	10	20	0	381.48
ZEP	2003	6	19	7	50	0	378.2
ZEP	2003	6	19	7	50	0	378.21
ZEP	2003	6	26	7	58	0	376.11
ZEP	2003	6	26	7	58	0	376.12
ZEP	2003	7	3	7	12	0	377.51
ZEP	2003	7	11	7	59	0	373.78
ZEP	2003	7	11	7	59	0	373.8
ZEP	2003	7	17	7	30	0	371.67
ZEP	2003	7	17	7	30	0	371.73
ZEP	2003	7	24	8	6	0	371.82
ZEP	2003	7	24	8	6	0	371.79
ZEP	2003	7	31	7	58	0	368.11
ZEP	2003	7	31	7	58	0	368.11
ZEP	2003	8	7	7	16	0	368.03
ZEP	2003	8	7	7	16	0	368.01
ZEP	2003	8	14	8	25	0	367.38
ZEP	2003	8	14	8	25	0	367.43
ZEP	2003	8	21	7	55	0	366.33
ZEP	2003	8	21	7	55	0	366.29
ZEP	2003	8	28	13	36	0	366.4
ZEP	2003	8	28	13	36	0	366.34
ZEP	2003	9	4	7	36	0	365.39
ZEP	2003	9	4	7	36	0	365.26
ZEP	2003	9	11	7	39	0	366.95
ZEP	2003	9	11	7	39	0	366.86
ZEP	2003	9	18	7	24	0	368.76
ZEP	2003	9	18	7	24	0	368.64
ZEP	2003	9	25	7	57	0	370.96
ZEP	2003	9	25	7	57	0	370.96
ZEP	2003	9	26	11	47	0	370.69
ZEP	2003	9	26	11	47	0	370.71
ZEP	2003	9	27	11	58	0	370.78
ZEP	2003	9	27	11	58	0	370.87
ZEP	2003	9	28	15	6	0	370.33
ZEP	2003	9	28	15	6	0	370.4
ZEP	2003	9	29	12	38	0	370.32
ZEP	2003	9	29	12	38	0	370.31
ZEP	2003	9	30	7	5	0	370.56
ZEP	2003	9	30	7	5	0	370.58
ZEP	2003	10	1	8	53	0	370.19
ZEP	2003	10	1	8	53	0	370.21
ZEP	2003	10	2	7	14	0	370.25
ZEP	2003	10	2	7	14	0	370.26
ZEP	2003	10	9	7	59	0	372.8
ZEP	2003	10	9	7	59	0	372.73
ZEP	2003	10	16	7	2	0	372.6
ZEP	2003	10	16	7	2	0	372.62
ZEP	2003	10	23	8	11	0	373.54
ZEP	2003	10	23	8	11	0	373.44
ZEP	2003	10	30	9	50	0	377.81
ZEP	2003	10	30	9	50	0	377.81
ZEP	2003	11	6	8	10	0	380.78
ZEP	2003	11	6	8	10	0	380.8
ZEP	2003	11	13	9	11	0	376.92
ZEP	2003	11	13	9	11	0	376.89
ZEP	2003	11	20	13	31	0	379.44
ZEP	2003	11	20	13	31	0	379.55
ZEP	2003	11	27	9	0	0	379.82
ZEP	2003	11	27	9	0	0	379.84
ZEP	2003	12	4	8	25	0	379.89
ZEP	2003	12	4	8	25	0	379.83
ZEP	2003	12	11	10	33	0	381.36
ZEP	2003	12	11	10	33	0	381.31
ZEP	2003	12	18	8	41	0	382.6
ZEP	2003	12	18	8	41	0	382.6
ZEP	2004	1	1	12	5	0	379.99
ZEP	2004	1	1	12	5	0	380.05
ZEP	2004	1	8	8	22	0	380.75
ZEP	2004	1	8	8	22	0	380.73
ZEP	2004	1	15	9	44	0	380.61
ZEP	2004	1	15	9	44	0	380.72
ZEP	2004	1	22	11	20	0	384.22
ZEP	2004	1	29	8	10	0	382.77
ZEP	2004	1	29	8	10	0	382.79
ZEP	2004	2	5	9	13	0	385.96
ZEP	2004	2	5	9	13	0	385.94
ZEP	2004	2	12	13	20	0	382.9
ZEP	2004	2	12	13	20	0	382.85
ZEP	2004	2	19	7	48	0	382.21
ZEP	2004	2	19	7	48	0	382.2
ZEP	2004	2	26	13	37	0	382.08
ZEP	2004	2	26	13	37	0	382.11
ZEP	2004	3	4	9	17	0	383.71
ZEP	2004	3	4	9	17	0	383.79
ZEP	2004	3	12	9	15	0	382.68
ZEP	2004	3	12	9	15	0	382.65
ZEP	2004	3	18	8	30	0	384.54
ZEP	2004	3	18	8	30	0	384.49
ZEP	2004	3	25	8	55	0	383.35
ZEP	2004	3	25	8	55	0	383.33
ZEP	2004	4	1	13	32	0	383.39
ZEP	2004	4	1	13	32	0	383.5
ZEP	2004	4	11	9	41	0	384.27
ZEP	2004	4	11	9	41	0	384.26
ZEP	2004	4	15	8	30	0	385.39
ZEP	2004	4	15	8	30	0	385.4
ZEP	2004	4	22	7	13	0	383.25
ZEP	2004	4	22	7	13	0	383.21
ZEP	2004	4	29	8	0	0	382.82
ZEP	2004	4	29	8	0	0	382.69
ZEP	2004	5	6	7	44	0	382.85
ZEP	2004	5	6	7	44	0	382.8
ZEP	2004	5	13	8	5	0	383.1
ZEP	2004	5	13	8	5	0	383
ZEP	2004	5	20	17	36	0	382.93
ZEP	2004	5	20	17	36	0	382.98
ZEP	2004	5	24	9	37	0	380.46
ZEP	2004	5	24	9	37	0	380.34
ZEP	2004	5	27	11	15	0	382.44
ZEP	2004	5	27	11	15	0	382.52
ZEP	2004	6	3	6	35	0	382.75
ZEP	2004	6	3	6	35	0	382.63
ZEP	2004	6	10	8	37	0	382.48
ZEP	2004	6	10	8	37	0	382.5
ZEP	2004	6	17	6	50	0	382.09
ZEP	2004	6	17	6	50	0	382.02
ZEP	2004	7	1	8	30	0	376.54
ZEP	2004	7	1	8	30	0	376.51
ZEP	2004	7	8	6	59	0	377.4
ZEP	2004	7	8	6	59	0	377.46
ZEP	2004	7	15	8	35	0	373.54
ZEP	2004	7	15	8	35	0	373.6
ZEP	2004	7	22	12	50	0	371.16
ZEP	2004	7	22	12	50	0	371.35
ZEP	2004	7	27	10	34	0	366.01
ZEP	2004	7	27	10	34	0	366
ZEP	2004	7	30	10	21	0	370.37
ZEP	2004	7	30	10	21	0	370.3
ZEP	2004	8	5	7	38	0	369.68
ZEP	2004	8	5	7	38	0	369.55
ZEP	2004	8	12	7	12	0	370.36
ZEP	2004	8	12	7	12	0	370.29
ZEP	2004	8	18	7	15	0	367.3
ZEP	2004	8	18	7	15	0	367.4
ZEP	2004	8	26	7	35	0	368.41
ZEP	2004	8	26	7	35	0	368.48
ZEP	2004	9	9	7	25	0	367.59
ZEP	2004	9	9	7	25	0	367.59
ZEP	2004	9	16	10	14	0	369.9
ZEP	2004	9	16	10	14	0	370
ZEP	2004	9	23	7	30	0	370.42
ZEP	2004	9	23	7	30	0	370.43
ZEP	2004	9	30	7	30	0	370.32
ZEP	2004	9	30	7	30	0	370.34
ZEP	2004	10	8	13	32	0	373.01
ZEP	2004	10	8	13	32	0	373.09
ZEP	2004	10	14	7	50	0	374.52
ZEP	2004	10	14	7	50	0	374.28
ZEP	2004	10	21	8	40	0	373.99
ZEP	2004	10	21	8	40	0	374.01
ZEP	2004	10	29	8	33	0	376.1
ZEP	2004	10	29	8	33	0	376.14
ZEP	2004	11	4	8	20	0	377.75
ZEP	2004	11	4	8	20	0	377.67
ZEP	2004	11	11	8	55	0	382.1
ZEP	2004	11	11	8	55	0	382.05
ZEP	2004	11	18	9	52	0	379.62
ZEP	2004	11	18	9	52	0	379.56
ZEP	2004	11	25	8	50	0	381.19
ZEP	2004	11	25	8	50	0	381.08
ZEP	2004	12	2	8	15	0	380.43
ZEP	2004	12	2	8	15	0	380.42
ZEP	2004	12	10	9	48	0	380.33
ZEP	2004	12	10	9	48	0	380.2
ZEP	2004	12	16	8	0	0	383.38
ZEP	2004	12	16	8	0	0	383.51
ZEP	2004	12	28	10	40	0	385.4
ZEP	2004	12	28	10	40	0	385.28
ZEP	2004	12	30	12	47	0	382.01
ZEP	2004	12	30	12	47	0	382.05
ZEP	2005	1	6	8	35	0	384.16
ZEP	2005	1	6	8	35	0	384.02
ZEP	2005	1	13	8	35	0	386.38
ZEP	2005	1	13	8	35	0	386.36
ZEP	2005	1	20	7	52	0	387.85
ZEP	2005	1	20	7	52	0	387.73
ZEP	2005	1	27	8	33	0	383.52
ZEP	2005	1	27	8	33	0	383.26
ZEP	2005	2	3	9	10	0	385.35
ZEP	2005	2	3	9	10	0	385.39
ZEP	2005	2	10	10	12	0	382.39
ZEP	2005	2	10	10	12	0	382.37
ZEP	2005	2	17	8	24	0	382.95
ZEP	2005	2	17	8	24	0	382.91
ZEP	2005	2	24	7	52	0	384.2
ZEP	2005	2	24	7	52	0	384.22
ZEP	2005	3	3	7	50	0	384.75
ZEP	2005	3	3	7	50	0	384.76
ZEP	2005	3	10	9	40	0	383.76
ZEP	2005	3	10	9	40	0	383.75
ZEP	2005	3	17	8	10	0	384.28
ZEP	2005	3	17	8	10	0	384.23
ZEP	2005	3	24	9	59	0	384.09
ZEP	2005	3	24	9	59	0	384.02
ZEP	2005	3	31	7	10	0	384.05
ZEP	2005	3	31	7	10	0	384.02
ZEP	2005	4	7	7	38	0	388.3
ZEP	2005	4	14	7	18	0	386.91
ZEP	2005	4	14	7	18	0	386.9
ZEP	2005	4	21	7	28	0	384.54
ZEP	2005	4	21	7	28	0	384.55
ZEP	2005	4	28	7	24	0	386.1
ZEP	2005	4	28	7	24	0	385.91
ZEP	2005	5	5	15	13	0	385.2
ZEP	2005	5	5	15	13	0	385.12
ZEP	2005	5	12	8	40	0	386.09
ZEP	2005	5	12	8	40	0	386.08
ZEP	2005	5	19	7	27	0	385.74
ZEP	2005	5	19	7	27	0	385.78
ZEP	2005	5	26	13	2	0	384.94
ZEP	2005	5	26	13	2	0	384.99
ZEP	2005	6	2	12	35	0	383.85
ZEP	2005	6	2	12	35	0	383.77
ZEP	2005	6	8	9	10	0	382.14
ZEP	2005	6	8	9	10	0	382.24
ZEP	2005	6	16	7	19	0	382.37
ZEP	2005	6	16	7	19	0	382.39
ZEP	2005	6	23	7	47	0	381.82
ZEP	2005	6	23	7	47	0	381.7
ZEP	2005	6	30	12	50	0	378.99
ZEP	2005	6	30	12	50	0	378.98
ZEP	2005	7	7	14	20	0	373.88
ZEP	2005	7	7	14	20	0	373.86
ZEP	2005	7	14	13	15	0	375.93
ZEP	2005	7	14	13	15	0	376
ZEP	2005	7	21	8	39	0	375.59
ZEP	2005	7	21	8	39	0	375.55
ZEP	2005	7	28	7	46	0	373.47
ZEP	2005	7	28	7	46	0	373.42
ZEP	2005	8	4	7	9	0	368.53
ZEP	2005	8	4	7	9	0	368.52
ZEP	2005	8	6	5	53	0	371.9
ZEP	2005	8	6	5	53	0	371.67
ZEP	2005	8	11	7	33	0	370.51
ZEP	2005	8	11	7	33	0	370.53
ZEP	2005	8	18	7	19	0	370.09
ZEP	2005	8	18	7	19	0	370.02
ZEP	2005	8	25	8	59	0	369.92
ZEP	2005	8	25	8	59	0	369.97
ZEP	2005	9	1	7	45	0	369.31
ZEP	2005	9	1	7	45	0	369.37
ZEP	2005	9	8	6	59	0	369.86
ZEP	2005	9	8	6	59	0	369.87
ZEP	2005	9	15	7	25	0	370.23
ZEP	2005	9	15	7	25	0	370.24
ZEP	2005	9	22	7	4	0	372.93
ZEP	2005	9	22	7	4	0	372.91
ZEP	2005	9	29	7	32	0	373.19
ZEP	2005	9	29	7	32	0	373.12
ZEP	2005	10	6	0	0	0	373.73
ZEP	2005	10	6	0	0	0	373.69
ZEP	2005	10	13	7	24	0	375.12
ZEP	2005	10	13	7	24	0	375.17
ZEP	2005	10	20	7	31	0	376.81
ZEP	2005	10	20	7	31	0	376.84
ZEP	2005	10	27	8	15	0	377.86
ZEP	2005	10	27	8	15	0	377.82
ZEP	2005	11	3	7	55	0	379.92
ZEP	2005	11	3	7	55	0	379.9
ZEP	2005	11	10	8	30	0	381.04
ZEP	2005	11	10	8	30	0	381.04
ZEP	2005	11	17	9	46	0	386.4
ZEP	2005	11	17	9	46	0	386.42
ZEP	2005	11	24	8	23	0	388.76
ZEP	2005	11	24	8	23	0	388.75
ZEP	2005	12	1	8	35	0	384.68
ZEP	2005	12	1	8	35	0	384.57
ZEP	2005	12	8	8	5	0	384.65
ZEP	2005	12	8	8	5	0	384.63
ZEP	2005	12	15	7	55	0	388.73
ZEP	2005	12	15	7	55	0	388.69
ZEP	2005	12	22	14	12	0	385.3
ZEP	2005	12	22	14	12	0	385.3
ZEP	2005	12	29	7	15	0	384.11
ZEP	2005	12	29	7	15	0	384.08
ZEP	2006	1	5	9	19	0	383.26
ZEP	2006	1	5	9	19	0	383.27
ZEP	2006	1	12	7	55	0	384.27
ZEP	2006	1	12	7	55	0	384.32
ZEP	2006	1	19	9	35	0	389.51
ZEP	2006	1	19	9	35	0	389.44
ZEP	2006	1	26	8	1	0	384.99
ZEP	2006	1	26	8	1	0	384.95
ZEP	2006	2	2	8	4	0	389.86
ZEP	2006	2	2	8	4	0	389.91
ZEP	2006	2	9	8	10	0	332.4
ZEP	2006	2	9	8	10	0	385.33
ZEP	2006	2	16	9	7	0	385.84
ZEP	2006	2	16	9	7	0	385.79
ZEP	2006	2	23	7	59	0	385.66
ZEP	2006	2	23	7	59	0	385.71
ZEP	2006	3	2	8	27	0	386.71
ZEP	2006	3	2	8	27	0	386.69
ZEP	2006	3	9	8	12	0	386.54
ZEP	2006	3	9	8	12	0	389.28
ZEP	2006	3	16	9	55	0	387.48
ZEP	2006	3	16	9	55	0	387.49
ZEP	2006	3	23	8	55	0	387.38
ZEP	2006	3	23	8	55	0	387.37
ZEP	2006	3	30	7	55	0	387
ZEP	2006	3	30	7	55	0	387.04
ZEP	2006	4	7	9	20	0	387.73
ZEP	2006	4	7	9	20	0	387.75
ZEP	2006	4	13	9	15	0	389.46
ZEP	2006	4	13	9	15	0	389.53
ZEP	2006	4	20	6	45	0	388
ZEP	2006	4	20	6	45	0	388
ZEP	2006	4	27	9	4	0	387.6
ZEP	2006	4	27	9	4	0	387.61
ZEP	2006	5	4	7	18	0	387.99
ZEP	2006	5	4	7	18	0	387.97
ZEP	2006	5	11	6	52	0	387.52
ZEP	2006	5	11	6	52	0	387.58
ZEP	2006	5	18	9	7	0	387.92
ZEP	2006	5	24	6	59	0	387.53
ZEP	2006	5	24	6	59	0	387.47
ZEP	2006	6	1	8	27	0	387.79
ZEP	2006	6	1	8	27	0	387.8
ZEP	2006	6	8	12	34	56	384.98
ZEP	2006	6	8	12	34	56	385.11
ZEP	2006	6	15	6	58	0	386.75
ZEP	2006	6	15	6	58	0	386.8
ZEP	2006	6	20	13	0	0	384.51
ZEP	2006	6	20	13	0	0	384.45
ZEP	2006	6	22	8	29	0	384.84
ZEP	2006	6	22	8	29	0	384.79
ZEP	2006	7	2	12	26	0	382.44
ZEP	2006	7	2	12	26	0	382.28
ZEP	2006	7	7	9	18	0	381.41
ZEP	2006	7	7	9	18	0	381.43
ZEP	2006	7	13	7	22	0	379.4
ZEP	2006	7	21	7	33	0	378.6
ZEP	2006	7	21	7	33	0	378.63
ZEP	2006	7	30	10	21	0	376.72
ZEP	2006	7	30	10	21	0	376.72
ZEP	2006	8	3	8	36	0	375.41
ZEP	2006	8	3	8	36	0	375.42
ZEP	2006	8	11	7	40	0	374.56
ZEP	2006	8	11	7	40	0	374.62
ZEP	2006	8	17	7	35	0	373.69
ZEP	2006	8	17	7	35	0	373.8
ZEP	2006	8	24	8	32	0	372.48
ZEP	2006	8	24	8	32	0	372.67
ZEP	2006	8	31	7	27	0	372.62
ZEP	2006	8	31	7	27	0	372.65
ZEP	2006	9	7	7	28	0	372.26
ZEP	2006	9	7	7	28	0	372.22
ZEP	2006	9	14	8	44	0	372.49
ZEP	2006	9	14	8	44	0	372.66
ZEP	2006	9	21	7	49	0	375.08
ZEP	2006	9	21	7	49	0	375.1
ZEP	2006	9	28	7	50	0	376.12
ZEP	2006	9	28	7	50	0	376.26
ZEP	2006	10	6	8	10	0	377.85
ZEP	2006	10	6	8	10	0	377.79
ZEP	2006	10	15	9	45	0	378.33
ZEP	2006	10	15	9	45	0	378.36
ZEP	2006	10	19	7	0	0	380.28
ZEP	2006	10	19	7	0	0	380.24
ZEP	2006	10	24	10	13	0	386.06
ZEP	2006	10	24	10	13	0	386.13
ZEP	2006	10	26	7	15	0	380.92
ZEP	2006	10	26	7	15	0	380.97
ZEP	2006	11	2	8	5	0	382.95
ZEP	2006	11	2	8	5	0	382.95
ZEP	2006	11	9	8	0	0	382.28
ZEP	2006	11	9	8	0	0	382.3
ZEP	2006	11	16	17	50	0	387.64
ZEP	2006	11	16	17	50	0	387.64
ZEP	2006	11	30	8	35	0	391.06
ZEP	2006	11	30	8	35	0	391.02
ZEP	2006	12	7	13	0	0	387.8
ZEP	2006	12	7	13	0	0	387.78
ZEP	2006	12	16	11	2	0	392.64
ZEP	2006	12	16	11	2	0	392.62
ZEP	2006	12	21	8	0	0	387.08
ZEP	2006	12	21	8	0	0	387.05
ZEP	2006	12	28	7	53	0	387.07
ZEP	2006	12	28	7	53	0	387.03
ZEP	2007	1	5	9	36	0	388.37
ZEP	2007	1	5	9	36	0	388.42
ZEP	2007	1	12	8	0	0	389.05
ZEP	2007	1	12	8	0	0	388.97
ZEP	2007	1	18	8	9	0	388.31
ZEP	2007	1	18	8	9	0	388.29
ZEP	2007	1	25	8	9	0	387.33
ZEP	2007	1	25	8	9	0	387.31
ZEP	2007	2	1	9	35	0	389.28
ZEP	2007	2	1	9	35	0	389.32
ZEP	2007	2	8	12	34	56	389.41
ZEP	2007	2	8	12	34	56	389.48
ZEP	2007	2	15	8	17	0	387.47
ZEP	2007	2	15	8	17	0	387.42
ZEP	2007	2	23	7	53	0	387.54
ZEP	2007	2	23	7	53	0	387.69
ZEP	2007	3	1	9	20	0	388.61
ZEP	2007	3	1	9	20	0	388.62
ZEP	2007	3	9	8	59	0	389.6
ZEP	2007	3	9	8	59	0	389.64
ZEP	2007	3	16	9	5	0	389.06
ZEP	2007	3	16	9	5	0	388.98
ZEP	2007	3	22	8	0	0	388.85
ZEP	2007	3	22	8	0	0	389
ZEP	2007	3	30	12	15	0	389.34
ZEP	2007	3	30	12	15	0	389.37
ZEP	2007	4	5	7	15	0	390.25
ZEP	2007	4	5	7	15	0	390.13
ZEP	2007	4	12	7	32	0	389.81
ZEP	2007	4	12	7	32	0	390.04
ZEP	2007	4	20	8	12	0	389.75
ZEP	2007	4	27	7	24	0	389.71
ZEP	2007	4	27	7	24	0	389.61
ZEP	2007	5	4	7	38	0	389.37
ZEP	2007	5	4	7	38	0	389.4
ZEP	2007	5	17	7	18	0	388.23
ZEP	2007	5	17	7	18	0	388.33
ZEP	2007	5	24	7	54	0	387.49
ZEP	2007	5	24	7	54	0	387.55
ZEP	2007	6	1	7	20	0	386.67
ZEP	2007	6	1	7	20	0	386.67
ZEP	2007	6	1	7	20	0	386.58
ZEP	2007	6	1	7	20	0	386.56
ZEP	2007	6	7	6	50	0	386.78
ZEP	2007	6	7	6	50	0	386.88
ZEP	2007	6	7	6	50	0	386.63
ZEP	2007	6	7	6	50	0	386.65
ZEP	2007	6	14	7	0	0	387.29
ZEP	2007	6	14	7	0	0	387.22
ZEP	2007	6	21	7	8	0	385.37
ZEP	2007	6	21	7	8	0	385.23
ZEP	2007	6	29	9	29	0	383.32
ZEP	2007	6	29	9	29	0	383.34
ZEP	2007	7	5	8	0	0	382.3
ZEP	2007	7	5	8	0	0	382.25
ZEP	2007	7	12	7	50	0	380.12
ZEP	2007	7	12	7	50	0	380.1
ZEP	2007	7	19	7	35	0	379.72
ZEP	2007	7	19	7	35	0	379.36
ZEP	2007	7	26	12	34	56	375.25
ZEP	2007	7	26	12	34	56	375.22
ZEP	2007	8	2	7	40	0	373.25
ZEP	2007	8	2	7	40	0	373.29
ZEP	2007	8	9	7	30	0	373.33
ZEP	2007	8	9	7	30	0	373.28
ZEP	2007	8	16	7	20	0	371.38
ZEP	2007	8	16	7	20	0	371.36
ZEP	2007	8	23	7	22	0	371.8
ZEP	2007	8	23	7	22	0	371.86
ZEP	2007	8	31	8	40	0	372.5
ZEP	2007	8	31	8	40	0	372.61
ZEP	2007	9	6	7	48	0	375.05
ZEP	2007	9	6	7	48	0	374.87
ZEP	2007	9	13	9	30	0	373.71
ZEP	2007	9	13	9	30	0	373.78
ZEP	2007	9	20	7	43	0	377.07
ZEP	2007	9	20	7	43	0	377.14
ZEP	2007	9	27	6	38	0	376.93
ZEP	2007	9	27	6	38	0	377.01
ZEP	2007	10	4	7	18	0	378.04
ZEP	2007	10	4	7	18	0	377.76
ZEP	2007	10	11	7	16	0	379.24
ZEP	2007	10	11	7	16	0	379.3
ZEP	2007	10	18	7	20	0	381.61
ZEP	2007	10	18	7	20	0	381.51
ZEP	2007	10	25	7	55	0	381.37
ZEP	2007	10	25	7	55	0	381.37
ZEP	2007	11	1	7	55	0	384.18
ZEP	2007	11	8	8	10	0	384.32
ZEP	2007	11	8	8	10	0	384.32
ZEP	2007	11	29	8	45	0	389.08
ZEP	2007	11	29	8	45	0	389.06
ZEP	2007	12	6	8	10	0	387.92
ZEP	2007	12	6	8	30	0	391.92
ZEP	2007	12	6	8	30	0	388.63
ZEP	2007	12	13	8	17	0	387.06
ZEP	2007	12	13	8	17	0	387.11
ZEP	2007	12	20	8	5	0	389.11
ZEP	2007	12	20	8	5	0	389.16
ZEP	2007	12	27	8	10	0	390.83
ZEP	2007	12	27	8	10	0	390.87
ZEP	2008	1	3	7	56	0	387.91
ZEP	2008	1	3	7	56	0	387.97
ZEP	2008	1	10	8	47	0	389.33
ZEP	2008	1	10	8	47	0	389.32
ZEP	2008	1	17	8	40	0	396.99
ZEP	2008	1	17	8	40	0	396.86
ZEP	2008	1	24	9	58	0	390.45
ZEP	2008	1	24	9	58	0	390.35
ZEP	2008	1	31	8	0	0	391.83
ZEP	2008	1	31	8	0	0	391.77
ZEP	2008	2	7	8	3	0	391.85
ZEP	2008	2	7	8	3	0	391.75
ZEP	2008	2	14	8	53	0	390.72
ZEP	2008	2	14	8	53	0	390.73
ZEP	2008	2	21	13	15	0	389.94
ZEP	2008	2	21	13	15	0	389.83
ZEP	2008	2	28	8	20	0	390.25
ZEP	2008	2	28	8	20	0	390.25
ZEP	2008	3	6	8	0	0	395.44
ZEP	2008	3	6	8	0	0	395.47
ZEP	2008	3	13	8	6	0	393.72
ZEP	2008	3	13	8	6	0	393.34
ZEP	2008	3	20	11	0	0	393.1
ZEP	2008	3	20	11	0	0	392.92
ZEP	2008	3	27	8	21	0	394.04
ZEP	2008	3	27	8	21	0	394.07
ZEP	2008	4	3	7	54	0	392.56
ZEP	2008	4	3	7	54	0	392.53
ZEP	2008	4	10	7	40	0	392.17
ZEP	2008	4	10	7	40	0	392.19
ZEP	2008	4	24	6	53	0	393.06
ZEP	2008	4	24	6	53	0	393.15
ZEP	2008	5	1	6	44	0	392.43
ZEP	2008	5	1	6	44	0	392.41
ZEP	2008	5	8	7	10	0	392.43
ZEP	2008	5	15	7	25	0	392.56
ZEP	2008	5	22	7	17	0	391.63
ZEP	2008	5	22	7	17	0	391.62
ZEP	2008	5	29	6	50	0	391.43
ZEP	2008	5	29	6	50	0	391.19
ZEP	2008	6	5	7	14	0	390.63
ZEP	2008	6	5	7	14	0	390.6
ZEP	2008	6	12	6	55	0	390.48
ZEP	2008	6	12	6	55	0	390.5
ZEP	2008	6	19	7	50	0	389.96
ZEP	2008	6	19	7	50	0	390.09
ZEP	2008	6	26	12	40	0	385.82
ZEP	2008	6	26	12	40	0	385.77
ZEP	2008	7	3	7	35	0	386.32
ZEP	2008	7	3	7	35	0	386.39
ZEP	2008	7	17	7	30	0	381.29
ZEP	2008	7	17	7	30	0	381.29
ZEP	2008	7	27	10	28	0	379.31
ZEP	2008	7	27	10	28	0	379.1
ZEP	2008	7	31	8	28	0	380.39
ZEP	2008	7	31	8	28	0	380.41
ZEP	2008	8	7	7	40	0	377.47
ZEP	2008	8	7	7	40	0	377.44
ZEP	2008	8	14	8	35	0	376.86
ZEP	2008	8	14	8	35	0	376.9
ZEP	2008	8	21	7	25	0	376.84
ZEP	2008	8	21	7	25	0	376.84
ZEP	2008	8	31	11	35	0	375.82
ZEP	2008	8	31	11	35	0	375.91
ZEP	2008	9	11	14	25	0	376.45
ZEP	2008	9	11	14	25	0	376.34
ZEP	2008	9	18	7	10	0	376.68
ZEP	2008	9	18	7	10	0	376.68
ZEP	2008	10	31	9	35	0	384.49
ZEP	2008	10	31	9	35	0	384.46
ZEP	2008	11	6	8	55	0	385.79
ZEP	2008	11	6	8	55	0	385.82
ZEP	2008	11	13	8	30	0	387.42
ZEP	2008	11	13	8	30	0	387.24
ZEP	2008	11	20	9	28	0	388.23
ZEP	2008	11	20	9	28	0	388.07
ZEP	2008	11	27	8	20	0	388.88
ZEP	2008	11	27	8	20	0	388.83
ZEP	2008	12	4	8	22	0	388.05
ZEP	2008	12	4	8	22	0	387.75
ZEP	2008	12	11	9	47	0	389.18
ZEP	2008	12	11	9	47	0	389.19
ZEP	2008	12	18	8	15	0	388.93
ZEP	2008	12	18	8	15	0	389.12
ZEP	2009	1	1	16	10	0	393.55
ZEP	2009	1	1	16	10	0	393.51
ZEP	2009	1	9	8	55	0	391.65
ZEP	2009	1	9	8	55	0	391.68
ZEP	2009	1	15	8	25	0	391.77
ZEP	2009	1	15	8	25	0	391.71
ZEP	2009	1	22	8	32	0	392.61
ZEP	2009	1	22	8	32	0	392.64
ZEP	2009	1	29	8	38	0	394.17
ZEP	2009	1	29	8	38	0	394.15
ZEP	2009	2	5	9	4	0	392.71
ZEP	2009	2	5	9	4	0	392.65
ZEP	2009	2	12	9	47	0	395.12
ZEP	2009	2	12	9	47	0	394.76
ZEP	2009	2	23	9	35	0	392.32
ZEP	2009	2	23	9	35	0	392.29
ZEP	2009	3	5	8	25	0	394.22
ZEP	2009	3	5	8	25	0	394.34
ZEP	2009	3	13	8	40	0	393.84
ZEP	2009	3	13	8	40	0	393.89
ZEP	2009	3	19	9	53	0	393.1
ZEP	2009	3	19	9	53	0	393.11
ZEP	2009	3	26	9	3	0	394.17
ZEP	2009	3	26	9	3	0	394.28
ZEP	2009	4	3	8	10	0	392.98
ZEP	2009	4	3	8	10	0	393.07
ZEP	2009	4	11	13	10	0	393.21
ZEP	2009	4	11	13	10	0	393.26
ZEP	2009	4	16	7	45	0	394.07
ZEP	2009	4	16	7	45	0	394.08
ZEP	2009	4	23	8	50	0	394.29
ZEP	2009	4	23	8	50	0	394.26
ZEP	2009	5	4	8	55	0	393.13
ZEP	2009	5	4	8	55	0	393.16
ZEP	2009	5	4	9	28	0	392.36
ZEP	2009	5	4	9	28	0	392.41
ZEP	2009	5	7	8	45	0	393.71
ZEP	2009	5	7	8	45	0	393.73
ZEP	2009	5	21	9	2	0	391.72
ZEP	2009	5	21	9	2	0	391.75
ZEP	2009	5	28	7	53	0	393.31
ZEP	2009	5	28	7	53	0	392.93
ZEP	2009	6	11	7	22	0	392.38
ZEP	2009	6	11	7	22	0	392.42
ZEP	2009	6	18	7	55	0	391.49
ZEP	2009	6	18	7	55	0	391.39
ZEP	2009	6	25	7	32	0	388.54
ZEP	2009	6	25	7	32	0	388.35
ZEP	2009	7	3	7	55	0	387.96
ZEP	2009	7	3	7	55	0	387.99
ZEP	2009	7	12	10	5	0	384.72
ZEP	2009	7	12	10	5	0	384.76
ZEP	2009	7	17	10	5	0	380.88
ZEP	2009	7	17	10	5	0	380.83
ZEP	2009	7	23	7	25	0	380.28
ZEP	2009	7	23	7	25	0	380.25
ZEP	2009	7	30	7	39	0	373.73
ZEP	2009	7	30	7	39	0	373.81
ZEP	2009	8	10	7	50	0	377.63
ZEP	2009	8	10	7	50	0	377.57
ZEP	2009	8	17	8	45	0	378.04
ZEP	2009	8	17	8	45	0	377.96
ZEP	2009	8	22	10	12	0	376.32
ZEP	2009	8	22	10	12	0	376.39
ZEP	2009	9	3	9	18	0	375.95
ZEP	2009	9	3	9	18	0	375.82
ZEP	2009	9	10	8	16	0	376.81
ZEP	2009	9	11	9	30	0	377.18
ZEP	2009	9	11	9	30	0	377.1
ZEP	2009	9	17	8	5	0	377.2
ZEP	2009	9	17	8	5	0	377.26
ZEP	2009	9	24	8	10	0	378.94
ZEP	2009	9	24	8	10	0	378.82
ZEP	2009	10	1	8	55	0	382.15
ZEP	2009	10	1	8	55	0	382.1
ZEP	2009	10	8	9	2	0	381.7
ZEP	2009	10	8	9	2	0	381.62
ZEP	2009	10	15	10	46	0	383.34
ZEP	2009	10	15	10	46	0	383.22
ZEP	2009	10	26	15	3	0	384.78
ZEP	2009	10	26	15	3	0	384.64
ZEP	2009	10	30	15	7	0	508.72
ZEP	2009	10	30	15	7	0	498.94
ZEP	2009	12	4	9	45	0	391.5
ZEP	2009	12	4	9	45	0	390.71
ZEP	2009	12	10	9	42	0	393.71
ZEP	2009	12	10	9	42	0	393.73
ZEP	2009	12	24	10	15	0	392.51
ZEP	2009	12	31	8	17	0	397.55
ZEP	2009	12	31	8	17	0	397.57
ZEP	2010	1	7	8	35	0	391.9
ZEP	2010	1	7	8	35	0	391.93
ZEP	2010	1	14	8	40	0	391.26
ZEP	2010	1	14	8	40	0	391.32
ZEP	2010	1	21	9	20	0	392.41
ZEP	2010	1	21	9	20	0	392.4
ZEP	2010	1	28	8	30	0	395.7
ZEP	2010	1	28	8	30	0	395.51
ZEP	2010	2	4	8	25	0	396.43
ZEP	2010	2	4	8	25	0	396.33
ZEP	2010	2	11	8	40	0	396.73
ZEP	2010	2	11	8	40	0	396.78
ZEP	2010	2	18	8	30	0	394.51
ZEP	2010	2	18	8	30	0	394.57
ZEP	2010	2	25	9	9	0	393.62
ZEP	2010	2	25	9	9	0	393.27
ZEP	2010	3	4	10	32	0	393.11
ZEP	2010	3	4	10	32	0	393
ZEP	2010	3	11	10	13	0	396
ZEP	2010	3	11	10	13	0	395.96
ZEP	2010	3	18	9	50	0	396.66
ZEP	2010	3	18	9	50	0	396.82
ZEP	2010	3	25	9	26	0	395.28
ZEP	2010	3	25	9	26	0	394.9
ZEP	2010	4	1	7	7	0	397.56
ZEP	2010	4	1	7	7	0	397.58
ZEP	2010	4	8	8	40	0	395.65
ZEP	2010	4	8	8	40	0	395.69
ZEP	2010	4	15	7	38	0	394.74
ZEP	2010	4	15	7	38	0	394.73
ZEP	2010	4	22	7	35	0	395.6
ZEP	2010	4	22	7	35	0	395.75
ZEP	2010	4	29	8	23	0	395.41
ZEP	2010	4	29	8	23	0	395.19
ZEP	2010	5	6	13	5	0	394.8
ZEP	2010	5	6	13	5	0	394.64
ZEP	2010	5	13	6	58	0	394.01
ZEP	2010	5	13	6	58	0	394
ZEP	2010	5	20	8	22	0	391.74
ZEP	2010	5	20	8	22	0	391.71
ZEP	2010	5	27	7	30	0	395.14
ZEP	2010	5	27	7	30	0	395.59
ZEP	2010	6	3	8	15	0	394.21
ZEP	2010	6	10	7	35	0	393.31
ZEP	2010	6	10	7	35	0	393.27
ZEP	2010	6	17	7	45	0	393.44
ZEP	2010	6	17	7	45	0	392.83
ZEP	2010	6	24	7	45	0	390.21
ZEP	2010	6	24	7	45	0	390.18
ZEP	2010	7	1	14	5	0	388.8
ZEP	2010	7	1	14	5	0	388.56
ZEP	2010	7	8	14	45	0	386.94
ZEP	2010	7	8	14	45	0	387.12
ZEP	2010	7	15	8	7	0	385.09
ZEP	2010	7	15	8	7	0	385.15
ZEP	2010	7	22	8	17	0	385.78
ZEP	2010	7	22	8	17	0	385.58
ZEP	2010	7	29	7	38	0	382.96
ZEP	2010	7	29	7	38	0	383.01
ZEP	2010	8	5	7	49	0	381.69
ZEP	2010	8	5	7	49	0	381.64
ZEP	2010	8	12	8	45	0	380.91
ZEP	2010	8	12	8	45	0	380.93
ZEP	2010	8	19	7	57	0	380.15
ZEP	2010	8	19	7	57	0	379.99
ZEP	2010	8	26	8	15	0	379.82
ZEP	2010	8	26	8	15	0	379.92
ZEP	2010	9	2	8	15	0	380.68
ZEP	2010	9	2	8	15	0	380.62
ZEP	2010	9	9	9	8	0	381.52
ZEP	2010	9	9	9	8	0	380.85
ZEP	2010	9	17	7	21	0	381.93
ZEP	2010	9	17	7	21	0	381.99
ZEP	2010	9	23	7	10	0	387.06
ZEP	2010	9	23	7	10	0	387.06
ZEP	2010	9	30	8	16	0	449.45
ZEP	2010	9	30	8	16	0	450.08
ZEP	2010	10	7	7	57	0	496.37
ZEP	2010	10	7	7	57	0	497.04
ZEP	2010	10	14	8	22	0	448.36
ZEP	2010	10	14	8	22	0	459
ZEP	2010	10	22	8	28	0	465.73
ZEP	2010	10	22	8	28	0	472.34
ZEP	2010	10	28	8	26	0	482.16
ZEP	2010	10	28	8	26	0	483.06
ZEP	2010	11	25	10	13	0	394.54
ZEP	2010	11	25	10	13	0	394.57
ZEP	2010	12	2	11	54	0	393.1
ZEP	2010	12	2	11	54	0	393.03
ZEP	2010	12	10	10	15	0	395.04
ZEP	2010	12	10	10	15	0	395.02
ZEP	2010	12	16	13	27	0	393.74
ZEP	2010	12	16	13	27	0	393.76
ZEP	2010	12	23	9	25	0	393.93
ZEP	2010	12	23	9	25	0	394
ZEP	2010	12	30	10	55	0	394.39
ZEP	2010	12	30	10	55	0	394.31
ZEP	2011	1	6	10	10	0	396.93
ZEP	2011	1	6	10	10	0	396.92
ZEP	2011	1	13	9	45	0	395.65
ZEP	2011	1	13	9	45	0	395.67
ZEP	2011	1	21	10	4	0	396.5
ZEP	2011	1	21	10	4	0	396.49
ZEP	2011	1	27	8	35	0	396.17
ZEP	2011	1	27	8	35	0	396.15
ZEP	2011	2	3	8	36	0	396.18
ZEP	2011	2	3	8	36	0	396.21
ZEP	2011	2	10	14	0	0	396.16
ZEP	2011	2	10	14	0	0	396.04
ZEP	2011	2	17	9	30	0	396.48
ZEP	2011	2	17	9	30	0	396.27
ZEP	2011	2	24	9	5	0	396.16
ZEP	2011	2	24	9	5	0	396.2
ZEP	2011	3	3	14	42	0	397.45
ZEP	2011	3	3	14	42	0	397.18
ZEP	2011	3	10	15	50	0	397.81
ZEP	2011	3	10	15	50	0	397.72
ZEP	2011	3	25	9	12	0	397.6
ZEP	2011	3	25	9	12	0	397.58
ZEP	2011	3	31	7	40	0	397.89
ZEP	2011	3	31	7	40	0	397.89
ZEP	2011	3	31	7	52	0	397.9
ZEP	2011	3	31	7	52	0	397.92
ZEP	2011	4	8	9	28	0	397.02
ZEP	2011	4	8	9	28	0	397.09
ZEP	2011	4	14	8	19	0	398.19
ZEP	2011	4	14	8	19	0	398.82
ZEP	2011	4	22	10	41	0	398
ZEP	2011	4	22	10	41	0	397.51
ZEP	2011	4	28	9	5	0	397.77
ZEP	2011	4	28	9	5	0	397.7
ZEP	2011	5	6	14	44	0	397.47
ZEP	2011	5	12	12	40	0	398.13
ZEP	2011	5	12	12	40	0	397.49
ZEP	2011	5	20	8	20	0	398.17
ZEP	2011	5	20	8	20	0	398.37
ZEP	2011	5	27	9	40	0	397.93
ZEP	2011	5	27	9	40	0	397.95
ZEP	2011	6	2	10	40	0	396.29
ZEP	2011	6	2	10	40	0	396.31
ZEP	2011	6	9	9	29	0	396.17
ZEP	2011	6	9	9	29	0	396.09
ZEP	2011	6	16	8	45	0	395.33
ZEP	2011	6	16	8	45	0	395.39
ZEP	2011	6	23	8	59	0	393.28
ZEP	2011	6	23	8	59	0	393.32
ZEP	2011	6	30	8	5	0	391.02
ZEP	2011	6	30	8	5	0	390.92
ZEP	2011	7	7	8	21	0	391.14
ZEP	2011	7	7	8	21	0	391.15
ZEP	2011	7	14	7	47	0	387.91
ZEP	2011	7	14	7	47	0	387.93
ZEP	2011	7	22	7	5	0	385.95
ZEP	2011	7	22	7	5	0	386.02
ZEP	2011	7	28	7	24	0	383.34
ZEP	2011	7	28	7	24	0	383.54
ZEP	2011	8	4	12	30	0	383.83
ZEP	2011	8	4	12	30	0	383.77
ZEP	2011	8	11	8	7	0	381.01
ZEP	2011	8	11	8	7	0	380.88
ZEP	2011	8	18	9	25	0	382.11
ZEP	2011	8	18	9	25	0	381.6
ZEP	2011	8	25	7	44	0	378.29
ZEP	2011	8	25	7	44	0	378.31
ZEP	2011	9	2	9	24	0	379.67
ZEP	2011	9	2	9	24	0	379.66
ZEP	2011	9	8	9	58	0	382.61
ZEP	2011	9	8	9	58	0	382.67
ZEP	2011	9	16	8	15	0	380.52
ZEP	2011	9	16	8	15	0	380.53
ZEP	2011	9	23	7	47	0	386.11
ZEP	2011	9	23	7	47	0	386.17
ZEP	2011	9	29	18	30	0	386.8
ZEP	2011	9	29	18	30	0	386.88
ZEP	2011	10	6	16	23	0	387.86
ZEP	2011	10	6	16	23	0	387.73
ZEP	2011	10	13	8	37	0	390.12
ZEP	2011	10	13	8	37	0	390.1
ZEP	2011	10	20	7	55	0	389.96
ZEP	2011	10	20	7	55	0	389.94
ZEP	2011	10	27	7	40	0	392.11
ZEP	2011	10	27	7	40	0	392.1
ZEP	2011	11	3	8	30	0	391.4
ZEP	2011	11	3	8	30	0	391.39
ZEP	2011	11	10	9	55	0	392.6
ZEP	2011	11	10	9	55	0	392.62
ZEP	2011	11	17	9	45	0	393.14
ZEP	2011	11	17	9	45	0	393.11
ZEP	2011	11	24	9	17	0	395.8
ZEP	2011	11	24	9	17	0	395.64
ZEP	2011	12	1	15	26	0	400.62
ZEP	2011	12	1	15	26	0	400.63
ZEP	2011	12	8	8	8	0	398.12
ZEP	2011	12	8	8	8	0	398.05
ZEP	2011	12	15	9	0	0	396.7
ZEP	2011	12	15	9	0	0	396.67
ZEP	2011	12	26	12	25	0	396.06
ZEP	2011	12	26	12	25	0	396.06
ZEP	2011	12	28	9	14	0	398.49
ZEP	2011	12	28	9	14	0	398.47
ZEP	2012	1	19	10	23	0	397.06
ZEP	2012	1	19	10	23	0	397.04
ZEP	2012	1	26	8	45	0	399.9
ZEP	2012	1	26	8	45	0	399.85
ZEP	2012	2	2	9	25	0	397.24
ZEP	2012	2	2	9	25	0	397.27
ZEP	2012	2	9	9	22	0	397.64
ZEP	2012	2	9	9	22	0	397.62
ZEP	2012	2	16	8	30	0	399.17
ZEP	2012	2	16	8	30	0	399.27
ZEP	2012	2	23	9	30	0	401.73
ZEP	2012	2	23	9	30	0	401.77
ZEP	2012	3	1	9	40	0	400.23
ZEP	2012	3	1	9	40	0	400.16
ZEP	2012	3	8	9	55	0	399.98
ZEP	2012	3	8	9	55	0	400.07
ZEP	2012	3	15	13	53	0	399.59
ZEP	2012	3	15	13	53	0	399.56
ZEP	2012	3	22	8	42	0	399.79
ZEP	2012	3	22	8	42	0	399.85
ZEP	2012	3	29	7	32	0	399
ZEP	2012	3	29	7	32	0	399.01
ZEP	2012	4	4	8	19	0	399.76
ZEP	2012	4	4	8	19	0	399.83
ZEP	2012	4	11	7	58	0	400.45
ZEP	2012	4	11	7	58	0	400.48
ZEP	2012	4	19	14	38	0	400.37
ZEP	2012	4	19	14	38	0	400.54
ZEP	2012	4	27	8	10	0	399.79
ZEP	2012	4	27	8	10	0	399.76
ZEP	2012	5	3	8	35	0	400.57
ZEP	2012	5	3	8	35	0	400.4
ZEP	2012	5	11	14	55	0	399.95
ZEP	2012	5	11	14	55	0	399.7
ZEP	2012	5	18	8	47	0	399.23
ZEP	2012	5	18	8	47	0	399.26
ZEP	2012	5	24	8	34	0	398.06
ZEP	2012	5	24	8	34	0	398.08
ZEP	2012	6	1	8	55	0	401.08
ZEP	2012	6	1	8	55	0	399.61
ZEP	2012	6	7	9	36	0	398.2
ZEP	2012	6	7	9	36	0	398.2
ZEP	2012	6	14	12	38	0	396.8
ZEP	2012	6	14	12	38	0	396.76
ZEP	2012	6	21	8	35	0	395.29
ZEP	2012	6	21	8	35	0	395.28
ZEP	2012	6	28	8	0	0	394.66
ZEP	2012	6	28	8	0	0	394.64
ZEP	2012	7	3	13	58	0	393.64
ZEP	2012	7	3	13	58	0	393.68
ZEP	2012	7	5	8	10	0	393.5
ZEP	2012	7	5	8	10	0	393.54
ZEP	2012	7	12	8	20	0	388.63
ZEP	2012	7	12	8	20	0	388.84
ZEP	2012	7	19	7	59	0	387.8
ZEP	2012	7	19	7	59	0	387.98
ZEP	2012	7	26	7	40	0	384.32
ZEP	2012	7	26	7	40	0	384.21
ZEP	2012	8	2	8	26	0	384.38
ZEP	2012	8	2	8	26	0	384.37
ZEP	2012	8	9	8	24	0	384.65
ZEP	2012	8	9	8	24	0	384.68
ZEP	2012	8	16	8	23	0	383.81
ZEP	2012	8	16	8	23	0	383.52
ZEP	2012	8	23	8	57	0	381.76
ZEP	2012	8	23	8	57	0	381.7
ZEP	2012	8	30	8	30	0	383.72
ZEP	2012	8	30	8	30	0	383.61
ZEP	2012	9	6	7	56	0	381.99
ZEP	2012	9	6	7	56	0	381.98
ZEP	2012	9	13	8	37	0	385.69
ZEP	2012	9	13	8	37	0	385.52
ZEP	2012	9	20	12	34	56	390.08
ZEP	2012	9	20	12	34	56	390
ZEP	2012	9	27	8	17	0	388.15
ZEP	2012	9	27	8	17	0	388.12
ZEP	2012	10	4	9	50	0	388.32
ZEP	2012	10	4	9	50	0	388.3
ZEP	2012	10	11	8	10	0	388.72
ZEP	2012	10	11	8	10	0	388.71
ZEP	2012	10	18	7	58	0	393.49
ZEP	2012	10	18	7	58	0	393.57
ZEP	2012	10	25	9	35	0	391.97
ZEP	2012	10	25	9	35	0	391.9
ZEP	2012	11	1	10	55	0	395.1
ZEP	2012	11	1	10	55	0	395.03
ZEP	2012	11	8	9	36	0	395.8
ZEP	2012	11	8	9	36	0	398.74
ZEP	2012	11	16	12	34	56	396.52
ZEP	2012	11	22	9	47	0	398.34
ZEP	2012	11	22	9	47	0	398.25
ZEP	2012	11	29	10	5	0	397.43
ZEP	2012	11	29	10	5	0	397.43
ZEP	2012	12	6	9	20	0	396.9
ZEP	2012	12	6	9	20	0	397.48
ZEP	2012	12	13	10	7	0	407.21
ZEP	2012	12	13	10	7	0	407.2
ZEP	2012	12	20	10	20	0	397.73
ZEP	2012	12	20	10	20	0	397.73
ZEP	2012	12	27	8	31	0	399.55
ZEP	2012	12	27	8	31	0	399.4
ZEP	2013	1	3	9	15	0	401.81
ZEP	2013	1	3	9	15	0	401.92
ZEP	2013	1	11	10	5	0	398.92
ZEP	2013	1	11	10	5	0	398.93
ZEP	2013	1	18	11	52	0	401.77
ZEP	2013	1	18	11	52	0	401.74
ZEP	2013	1	24	10	15	0	401.69
ZEP	2013	1	24	10	15	0	401.56
ZEP	2013	1	31	9	17	0	403.19
ZEP	2013	1	31	9	17	0	403.11
ZEP	2013	2	7	9	50	0	405.27
ZEP	2013	2	7	9	50	0	405.27
ZEP	2013	2	14	8	54	0	402.27
ZEP	2013	2	14	8	54	0	402.19
ZEP	2013	2	21	8	35	0	401.31
ZEP	2013	2	21	8	35	0	401.24
ZEP	2013	2	28	9	55	0	400.77
ZEP	2013	2	28	9	55	0	400.78
ZEP	2013	3	7	9	29	0	401.43
ZEP	2013	3	7	9	29	0	401.29
ZEP	2013	3	14	14	10	0	401.05
ZEP	2013	3	14	14	10	0	401.01
ZEP	2013	3	21	10	17	0	401.53
ZEP	2013	3	21	10	17	0	401.51
ZEP	2013	3	28	9	29	0	402.48
ZEP	2013	3	28	9	29	0	402.07
ZEP	2013	4	4	8	30	0	402.3
ZEP	2013	4	4	8	30	0	402.15
ZEP	2013	4	12	6	50	0	403.33
ZEP	2013	4	12	6	50	0	403.36
ZEP	2013	4	18	8	30	0	402.85
ZEP	2013	4	18	8	30	0	402.34
ZEP	2013	4	25	8	45	0	401.76
ZEP	2013	4	25	8	45	0	401.77
ZEP	2013	5	2	8	5	0	401.83
ZEP	2013	5	2	8	5	0	401.77
ZEP	2013	5	9	9	16	0	402.37
ZEP	2013	5	9	9	16	0	402.4
ZEP	2013	5	16	8	19	0	401.86
ZEP	2013	5	16	8	19	0	401.89
ZEP	2013	5	23	9	15	0	401.69
ZEP	2013	5	23	9	15	0	401.68
ZEP	2013	5	27	8	2	0	394.95
ZEP	2013	5	27	8	2	0	394.95
ZEP	2013	5	30	8	51	0	399.79
ZEP	2013	5	30	8	51	0	400.19
ZEP	2013	6	6	9	35	0	401.01
ZEP	2013	6	6	9	35	0	400.98
ZEP	2013	6	13	7	32	0	401.03
ZEP	2013	6	13	7	32	0	400.99
ZEP	2013	6	20	8	45	0	398.98
ZEP	2013	6	20	8	45	0	399.02
ZEP	2013	7	4	7	30	0	394.31
ZEP	2013	7	4	7	30	0	394.31
ZEP	2013	7	11	8	12	0	393.85
ZEP	2013	7	11	8	12	0	393.87
ZEP	2013	7	18	8	29	0	392.38
ZEP	2013	7	18	8	29	0	392.26
ZEP	2013	7	25	8	25	0	391.28
ZEP	2013	7	25	8	25	0	391.28
ZEP	2013	8	1	8	35	0	389.05
ZEP	2013	8	1	8	35	0	389.04
ZEP	2013	8	8	9	10	0	388.09
ZEP	2013	8	8	9	10	0	388.05
ZEP	2013	8	16	8	55	0	385.15
ZEP	2013	8	16	8	55	0	385
ZEP	2013	8	22	6	50	0	387.54
ZEP	2013	8	22	7	50	0	387.42
ZEP	2013	8	22	7	50	0	387.41
ZEP	2013	8	29	12	34	56	387.01
ZEP	2013	8	29	12	34	56	387.01
ZEP	2013	9	5	8	10	0	386.8
ZEP	2013	9	5	8	10	0	386.77
ZEP	2013	9	12	7	40	0	387.18
ZEP	2013	9	12	7	40	0	387.45
ZEP	2013	9	19	8	35	0	390.19
ZEP	2013	9	19	8	35	0	390.39
ZEP	2013	9	26	7	20	0	389.29
ZEP	2013	9	26	7	20	0	389.44
ZEP	2013	10	3	8	26	0	390.36
ZEP	2013	10	3	8	26	0	390.33
ZEP	2013	10	10	8	0	0	391.69
ZEP	2013	10	17	7	19	0	394.34
ZEP	2013	10	25	9	5	0	397.4
ZEP	2013	10	25	9	5	0	397.26
ZEP	2013	10	31	8	40	0	397.19
ZEP	2013	10	31	8	40	0	397.2
ZEP	2013	11	7	8	30	0	397.35
ZEP	2013	11	7	8	30	0	397.33
ZEP	2013	11	14	9	15	0	398.46
ZEP	2013	11	14	9	15	0	398.59
ZEP	2013	11	21	9	50	0	398.92
ZEP	2013	11	21	9	50	0	399.01
ZEP	2013	11	28	9	5	0	401.78
ZEP	2013	11	28	9	5	0	401.7
ZEP	2013	12	6	9	55	0	403.84
ZEP	2013	12	6	9	55	0	403.85
ZEP	2013	12	12	9	7	0	403.43
ZEP	2013	12	12	9	7	0	403.35
ZEP	2013	12	19	9	0	0	400.09
ZEP	2013	12	19	9	0	0	400.13
ZEP	2013	12	26	12	10	0	405.11
ZEP	2013	12	26	12	10	0	405.16
ZEP	2014	1	2	11	33	0	402.07
ZEP	2014	1	2	11	33	0	401.78
ZEP	2014	1	9	8	29	0	402.09
ZEP	2014	1	9	8	29	0	401.14
ZEP	2014	1	16	9	15	0	402.7
ZEP	2014	1	16	9	15	0	402.74
ZEP	2014	1	23	10	0	0	403.97
ZEP	2014	1	23	10	0	0	404
ZEP	2014	1	30	8	49	0	403.35
ZEP	2014	1	30	8	49	0	403.3
ZEP	2014	2	6	10	8	0	406.43
ZEP	2014	2	6	10	8	0	406.47
ZEP	2014	2	13	10	20	0	407.4
ZEP	2014	2	13	10	20	0	407.18
ZEP	2014	2	20	10	8	0	403.43
ZEP	2014	2	20	10	8	0	403.57
ZEP	2014	2	27	9	39	0	404.82
ZEP	2014	2	27	9	39	0	404.87
ZEP	2014	3	6	10	10	0	405.07
ZEP	2014	3	6	10	10	0	405.12
ZEP	2014	3	13	9	0	0	403.87
ZEP	2014	3	28	9	5	0	405.27
ZEP	2014	3	28	9	5	0	405.34
ZEP	2014	4	3	7	53	0	404.01
ZEP	2014	4	3	7	53	0	404.02
ZEP	2014	4	10	8	0	0	404.28
ZEP	2014	4	10	8	0	0	404.33
ZEP	2014	4	18	9	3	0	404.91
ZEP	2014	4	18	9	3	0	405
ZEP	2014	4	24	9	11	0	404.59
ZEP	2014	5	1	10	8	0	404.95
ZEP	2014	5	1	10	8	0	404.92
ZEP	2014	5	8	8	47	0	404.63
ZEP	2014	5	8	8	47	0	404.64
ZEP	2014	5	15	9	0	0	404.93
ZEP	2014	5	15	9	0	0	404.97
ZEP	2014	5	22	7	55	0	405.01
ZEP	2014	5	22	7	55	0	404.92
ZEP	2014	5	29	10	27	0	403.03
ZEP	2014	5	29	10	27	0	403.17
ZEP	2014	6	5	8	0	0	403.05
ZEP	2014	6	5	8	0	0	403.01
ZEP	2014	6	12	7	50	0	403.11
ZEP	2014	6	12	7	50	0	403.23
ZEP	2014	6	19	9	15	0	402.59
ZEP	2014	6	19	9	15	0	402.58
ZEP	2014	6	26	8	55	0	399.6
ZEP	2014	6	26	8	55	0	399.54
ZEP	2014	7	3	7	45	0	396.93
ZEP	2014	7	3	7	45	0	396.93
ZEP	2014	7	10	7	41	0	395.81
ZEP	2014	7	10	7	41	0	395.77
ZEP	2014	7	17	8	45	0	393.45
ZEP	2014	7	17	8	45	0	393.49
ZEP	2014	7	24	7	59	0	392.77
ZEP	2014	7	24	7	59	0	392.73
ZEP	2014	7	31	8	5	0	392.6
ZEP	2014	7	31	8	5	0	392.53
ZEP	2014	8	7	9	1	0	390.42
ZEP	2014	8	7	9	1	0	390.41
ZEP	2014	8	14	9	10	0	390.2
ZEP	2014	8	21	8	8	0	388.18
ZEP	2014	8	21	8	8	0	388.09
ZEP	2014	8	28	8	15	0	388.05
ZEP	2014	9	4	8	5	0	387.23
ZEP	2014	9	4	8	5	0	387.21
ZEP	2014	9	11	8	1	0	388.77
ZEP	2014	9	11	8	1	0	388.75
ZEP	2014	9	19	7	40	0	389.72
ZEP	2014	9	19	7	40	0	389.71
ZEP	2014	9	26	9	45	0	392.25
ZEP	2014	9	26	9	45	0	392.2
ZEP	2014	10	2	7	43	0	392.23
ZEP	2014	10	2	7	43	0	392.22
ZEP	2014	10	9	8	0	0	392.82
ZEP	2014	10	9	8	0	0	392.82
ZEP	2014	10	16	8	5	0	394.22
ZEP	2014	10	16	8	5	0	394.27
ZEP	2014	10	23	9	10	0	397.65
ZEP	2014	10	23	9	10	0	397.6
ZEP	2014	10	30	8	41	0	396.38
ZEP	2014	10	30	8	41	0	396.29
ZEP	2014	11	6	10	25	0	398.25
ZEP	2014	11	6	10	25	0	398.31
ZEP	2014	11	13	10	24	0	401.24
ZEP	2014	11	13	10	24	0	401.52
ZEP	2014	11	20	8	45	0	400.97
ZEP	2014	11	20	8	45	0	400.93
ZEP	2014	11	27	9	47	0	401.15
ZEP	2014	11	27	9	47	0	401.11
ZEP	2014	12	4	9	20	0	406.4
ZEP	2014	12	4	9	20	0	406.36
ZEP	2014	12	11	9	31	0	404.92
ZEP	2014	12	11	9	31	0	405.78
ZEP	2014	12	18	10	10	0	408.14
ZEP	2014	12	18	10	10	0	408.2
ZEP	2014	12	25	13	4	0	402.68
ZEP	2014	12	25	13	4	0	402.62
ZEP	2015	1	1	12	55	0	404.76
ZEP	2015	1	1	12	55	0	404.8
ZEP	2015	1	8	9	27	0	403.58
ZEP	2015	1	8	9	27	0	403.55
ZEP	2015	1	15	9	15	0	403.23
ZEP	2015	1	15	9	15	0	403.21
ZEP	2015	1	22	8	20	0	404.05
ZEP	2015	1	22	8	20	0	404.04
ZEP	2015	1	29	9	32	0	404.85
ZEP	2015	1	29	9	32	0	404.78
ZEP	2015	2	6	10	5	0	404.96
ZEP	2015	2	6	10	5	0	404.86
ZEP	2015	2	12	8	20	0	407.47
ZEP	2015	2	12	8	20	0	407.43
ZEP	2015	2	19	8	26	0	406.85
ZEP	2015	2	19	8	26	0	406.98
ZEP	2015	2	27	9	45	0	404.75
ZEP	2015	2	27	9	45	0	404.71
ZEP	2015	3	5	8	35	0	406.32
ZEP	2015	3	5	8	35	0	406.32
ZEP	2015	3	12	8	45	0	406.86
ZEP	2015	3	12	8	45	0	406.81
ZEP	2015	3	19	8	33	0	406.5
ZEP	2015	3	26	8	52	0	405.09
ZEP	2015	3	26	8	52	0	405.14
ZEP	2015	4	2	10	17	0	406.56
ZEP	2015	4	2	10	17	0	406.53
ZEP	2015	4	9	7	54	0	408.77
ZEP	2015	4	9	7	54	0	408.75
ZEP	2015	4	16	7	55	0	406.03
ZEP	2015	4	16	7	55	0	406.02
ZEP	2015	4	23	7	46	0	407.32
ZEP	2015	4	23	7	46	0	407.26
ZEP	2015	4	30	8	3	0	406.77
ZEP	2015	4	30	8	3	0	406.68
ZEP	2015	5	8	8	0	0	406.45
ZEP	2015	5	8	8	0	0	406.24
ZEP	2015	5	14	8	30	0	406.01
ZEP	2015	5	14	8	30	0	406
ZEP	2015	5	21	9	14	0	405.23
ZEP	2015	5	21	9	14	0	405.26
ZEP	2015	5	28	8	20	0	405.49
ZEP	2015	5	28	8	20	0	405.48
ZEP	2015	6	4	8	37	0	405.61
ZEP	2015	6	4	8	37	0	405.45
ZEP	2015	6	11	7	30	0	404
ZEP	2015	6	11	7	30	0	403.95
ZEP	2015	6	18	10	5	0	402.64
ZEP	2015	6	18	10	5	0	402.54
ZEP	2015	6	25	8	45	0	401.22
ZEP	2015	6	25	8	45	0	401.17
ZEP	2015	7	2	7	48	0	399.93
ZEP	2015	7	2	7	48	0	399.87
ZEP	2015	7	9	8	21	0	397.58
ZEP	2015	7	9	8	21	0	397.62
ZEP	2015	7	16	12	34	56	396.66
ZEP	2015	7	16	12	34	56	396.68
ZEP	2015	7	23	8	48	0	395.34
ZEP	2015	7	23	8	48	0	395.47
ZEP	2015	7	30	8	1	0	385.54
ZEP	2015	7	30	8	1	0	385.55
ZEP	2015	8	6	9	15	0	387.69
ZEP	2015	8	6	9	15	0	387.68
ZEP	2015	8	13	7	43	0	391.45
ZEP	2015	8	13	7	43	0	391.45
ZEP	2015	8	20	7	50	0	389.24
ZEP	2015	8	20	7	50	0	389.05
ZEP	2015	8	27	9	6	0	390.67
ZEP	2015	8	27	9	6	0	390.64
ZEP	2015	9	3	3	5	0	390.44
ZEP	2015	9	3	3	5	0	390.45
ZEP	2015	9	10	9	25	0	390.98
ZEP	2015	9	10	9	25	0	390.93
ZEP	2015	9	17	8	50	0	393.5
ZEP	2015	9	17	8	50	0	393.38
ZEP	2015	9	24	8	10	0	393.55
ZEP	2015	9	24	8	10	0	393.54
ZEP	2015	10	1	7	39	0	394.22
ZEP	2015	10	1	7	39	0	394.19
ZEP	2015	10	8	12	34	56	397.47
ZEP	2015	10	8	12	34	56	397.49
ZEP	2015	10	15	7	56	0	396.67
ZEP	2015	10	15	7	56	0	396.53
ZEP	2015	10	22	8	9	0	398.59
ZEP	2015	10	22	8	9	0	398.54
ZEP	2015	10	29	9	40	0	398.42
ZEP	2015	10	29	9	40	0	398.37
ZEP	2015	11	5	8	40	0	400.83
ZEP	2015	11	5	8	40	0	400.76
ZEP	2015	11	12	8	38	0	403.82
ZEP	2015	11	12	8	38	0	403.83
ZEP	2015	11	19	8	53	0	404.55
ZEP	2015	11	19	8	53	0	404.54
ZEP	2015	11	26	9	40	0	404.82
ZEP	2015	11	26	9	40	0	404.94
ZEP	2015	12	3	8	0	0	409.56
ZEP	2015	12	3	8	0	0	409.53
ZEP	2015	12	10	9	20	0	405.7
ZEP	2015	12	10	9	20	0	405.82
ZEP	2015	12	17	8	20	0	405.72
ZEP	2015	12	17	8	20	0	405.66
ZEP	2015	12	24	9	10	0	405.67
ZEP	2015	12	24	9	10	0	405.61
ZEP	2016	1	1	7	47	0	405.61
ZEP	2016	1	1	7	47	0	405.61
ZEP	2016	1	7	9	20	0	406.55
ZEP	2016	1	7	9	20	0	406.59
ZEP	2016	1	14	8	20	0	406.89
ZEP	2016	1	14	8	20	0	406.89
ZEP	2016	1	21	8	37	0	406.78
ZEP	2016	1	21	8	37	0	406.74
ZEP	2016	1	28	8	50	0	410.32
ZEP	2016	1	28	8	50	0	410.33
ZEP	2016	2	4	9	15	0	411.66
ZEP	2016	2	4	9	15	0	411.65
ZEP	2016	2	11	8	26	0	409.52
ZEP	2016	2	11	8	26	0	409.51
ZEP	2016	2	18	8	35	0	408.28
ZEP	2016	2	18	8	35	0	408.36
ZEP	2016	2	25	8	35	0	410.09
ZEP	2016	2	25	8	35	0	410.06
ZEP	2016	3	3	8	30	0	409.09
ZEP	2016	3	3	8	30	0	408.99
ZEP	2016	3	10	8	25	0	409.99
ZEP	2016	3	10	8	25	0	409.82
ZEP	2016	3	17	9	5	0	409.05
ZEP	2016	3	17	9	5	0	408.86
ZEP	2016	3	18	8	18	0	409.05
ZEP	2016	3	18	8	18	0	408.92
ZEP	2016	3	24	11	16	0	412.5
ZEP	2016	3	24	11	16	0	412.52
ZEP	2016	3	31	7	51	0	410.88
ZEP	2016	3	31	7	51	0	410.83
ZEP	2016	4	7	12	15	0	408.79
ZEP	2016	4	7	12	15	0	408.78
ZEP	2016	4	14	8	20	0	410.04
ZEP	2016	4	14	8	20	0	410.04
ZEP	2016	4	21	9	41	0	409.77
ZEP	2016	4	21	9	41	0	409.7
ZEP	2016	4	28	7	55	0	408.83
ZEP	2016	4	28	7	55	0	408.86
ZEP	2016	5	5	7	55	0	408.18
ZEP	2016	5	5	7	55	0	408.25
ZEP	2016	5	12	8	26	0	407.61
ZEP	2016	5	12	8	26	0	407.5
ZEP	2016	5	19	9	30	0	410.08
ZEP	2016	5	19	9	30	0	410.04
ZEP	2016	5	26	8	17	0	407.54
ZEP	2016	5	26	8	17	0	407.49
ZEP	2016	6	2	7	40	0	405.98
ZEP	2016	6	2	7	40	0	406.02
ZEP	2016	6	9	7	41	0	407.07
ZEP	2016	6	9	7	41	0	407.05
ZEP	2016	6	16	7	55	0	404.83
ZEP	2016	6	16	7	55	0	404.81
ZEP	2016	6	23	8	10	0	403.04
ZEP	2016	6	23	8	10	0	403
ZEP	2016	6	30	7	50	0	402.05
ZEP	2016	6	30	7	50	0	402.17
ZEP	2016	7	7	7	55	0	401.24
ZEP	2016	7	7	7	55	0	401.21
ZEP	2016	7	14	8	10	0	392.21
ZEP	2016	7	15	8	50	0	392.05
ZEP	2016	7	15	8	50	0	391.79
ZEP	2016	7	21	7	55	0	396.1
ZEP	2016	7	21	7	55	0	396.15
ZEP	2016	7	28	8	12	0	396.55
ZEP	2016	7	28	8	12	0	396.59
ZEP	2016	8	4	8	33	0	395.2
ZEP	2016	8	4	8	33	0	395.13
ZEP	2016	8	11	7	45	0	393.52
ZEP	2016	8	11	7	45	0	393.5
ZEP	2016	8	18	8	48	0	392.67
ZEP	2016	8	18	8	48	0	392.72
ZEP	2016	8	25	8	30	0	392.84
ZEP	2016	8	25	8	30	0	392.94
ZEP	2016	9	1	8	0	0	393.19
ZEP	2016	9	1	8	0	0	393.29
ZEP	2016	9	8	8	15	0	393.35
ZEP	2016	9	8	8	15	0	393.4
ZEP	2016	9	15	12	25	0	-999.99
ZEP	2016	9	15	12	25	0	396.33
ZEP	2016	9	15	12	25	0	-999.99
ZEP	2016	9	15	12	25	0	396.33
ZEP	2016	9	22	7	45	0	-999.99
ZEP	2016	9	22	7	45	0	394.76
ZEP	2016	9	22	7	45	0	-999.99
ZEP	2016	9	22	7	45	0	394.74
ZEP	2016	9	29	8	0	0	398.13
ZEP	2016	10	6	7	45	0	399.11
ZEP	2016	10	6	7	45	0	399.17
ZEP	2016	10	13	7	50	0	400.23
ZEP	2016	10	13	7	50	0	400.37
ZEP	2016	10	20	8	13	0	404.39
ZEP	2016	10	20	8	13	0	404.38
ZEP	2016	10	27	7	37	0	411.03
ZEP	2016	10	27	7	37	0	410.96
ZEP	2016	11	3	8	35	0	404.04
ZEP	2016	11	3	8	35	0	404.03
ZEP	2016	11	10	8	59	0	405.99
ZEP	2016	11	10	8	59	0	405.92
ZEP	2016	11	17	8	36	0	405.93
ZEP	2016	11	17	8	36	0	405.89
ZEP	2016	11	23	8	50	0	411.47
ZEP	2016	12	1	9	39	0	410.03
ZEP	2016	12	1	9	39	0	410.06
ZEP	2016	12	8	8	57	0	408.27
ZEP	2016	12	8	8	57	0	408.31
ZEP	2016	12	15	8	32	0	408.46
ZEP	2016	12	15	8	32	0	408.49
ZEP	2016	12	22	9	45	0	409.14
ZEP	2016	12	22	9	45	0	409.14
ZEP	2016	12	30	14	0	0	413.17
ZEP	2016	12	30	14	0	0	413.14
ZEP	2017	1	5	9	40	0	409.34
ZEP	2017	1	5	9	40	0	409.34
ZEP	2017	1	12	9	0	0	410.74
ZEP	2017	1	12	9	0	0	410.7
ZEP	2017	1	19	8	45	0	411.19
ZEP	2017	1	19	8	45	0	411.05
ZEP	2017	1	26	10	15	0	413.07
ZEP	2017	1	26	10	15	0	413.11
ZEP	2017	2	2	8	50	0	411.34
ZEP	2017	2	2	8	50	0	411.32
ZEP	2017	2	9	9	8	0	415.72
ZEP	2017	2	9	9	8	0	415.76
ZEP	2017	2	16	8	34	0	411.18
ZEP	2017	2	16	8	34	0	411.18
ZEP	2017	2	23	9	14	0	414.73
ZEP	2017	2	23	9	14	0	414.79
ZEP	2017	3	2	9	7	0	411.24
ZEP	2017	3	2	9	7	0	411.18
ZEP	2017	3	9	8	29	0	411.9
ZEP	2017	3	9	8	29	0	411.87
ZEP	2017	3	16	8	54	0	413.56
ZEP	2017	3	16	8	54	0	413.51
ZEP	2017	3	23	8	41	0	414.12
ZEP	2017	3	23	8	41	0	414.1
ZEP	2017	3	30	7	50	0	413.26
ZEP	2017	3	30	7	50	0	413.29
ZEP	2017	4	6	7	55	0	415.13
ZEP	2017	4	6	7	55	0	415.06
ZEP	2017	4	13	7	33	0	413.3
ZEP	2017	4	13	7	33	0	413.32
ZEP	2017	4	20	8	9	0	413.21
ZEP	2017	4	20	8	9	0	413.18
ZEP	2017	4	27	7	55	0	412.74
ZEP	2017	4	27	7	55	0	412.77
ZEP	2017	5	4	7	57	0	412.2
ZEP	2017	5	4	7	57	0	412.19
ZEP	2017	5	11	7	36	0	413.24
ZEP	2017	5	11	7	36	0	413.2
ZEP	2017	5	18	7	45	0	413.35
ZEP	2017	5	18	7	45	0	413.41
ZEP	2017	5	25	7	35	0	413.23
ZEP	2017	5	25	7	35	0	413.2
ZEP	2017	6	1	8	42	0	411.91
ZEP	2017	6	1	8	42	0	411.96
ZEP	2017	6	8	7	26	0	410.14
ZEP	2017	6	8	7	26	0	410.16
ZEP	2017	6	15	7	38	0	408.93
ZEP	2017	6	15	7	38	0	408.87
ZEP	2017	6	22	8	23	0	408.64
ZEP	2017	6	22	8	23	0	408.62
ZEP	2017	6	29	7	53	0	408.48
ZEP	2017	6	29	7	53	0	408.54
ZEP	2017	7	6	7	36	0	406.91
ZEP	2017	7	6	7	36	0	407.27
ZEP	2017	7	13	7	50	0	403.18
ZEP	2017	7	13	7	50	0	403.1
ZEP	2017	7	20	8	44	0	401.69
ZEP	2017	7	20	8	44	0	401.82
ZEP	2017	7	27	12	34	56	400.12
ZEP	2017	7	27	12	34	56	400.15
ZEP	2017	8	3	7	32	0	398.63
ZEP	2017	8	3	7	32	0	398.71
ZEP	2017	8	10	7	39	0	397.16
ZEP	2017	8	10	7	39	0	397.12
ZEP	2017	8	17	12	4	0	396.35
ZEP	2017	8	17	12	4	0	396.33
ZEP	2017	8	24	7	31	0	396.16
ZEP	2017	8	24	7	31	0	396.09
ZEP	2017	8	31	7	45	0	395.91
ZEP	2017	8	31	7	45	0	395.81
ZEP	2017	9	7	7	35	0	395.28
ZEP	2017	9	7	7	35	0	395.31
ZEP	2017	9	14	12	34	56	399.47
ZEP	2017	9	14	12	34	56	399.5
ZEP	2017	9	21	8	38	0	397.77
ZEP	2017	9	21	8	38	0	397.81
ZEP	2017	9	28	8	40	0	408.83
ZEP	2017	9	28	8	40	0	408.8
ZEP	2017	10	5	8	32	0	404.89
ZEP	2017	10	5	8	32	0	404.89
ZEP	2017	10	12	8	12	0	402.69
ZEP	2017	10	12	8	12	0	402.73
ZEP	2017	10	19	7	40	0	405
ZEP	2017	10	19	7	40	0	405
ZEP	2017	10	26	7	25	0	403.82
ZEP	2017	10	26	7	25	0	403.83
ZEP	2017	11	2	8	36	0	407.38
ZEP	2017	11	2	8	36	0	407.33
ZEP	2017	11	10	14	11	0	409.6
ZEP	2017	11	10	14	11	0	409.49
ZEP	2017	11	16	8	40	0	413.66
ZEP	2017	11	16	8	40	0	413.7
ZEP	2017	11	23	8	35	0	427.93
ZEP	2017	11	23	8	35	0	426.51
ZEP	2017	11	30	8	45	0	409.52
ZEP	2017	11	30	8	45	0	409.5
ZEP	2017	12	7	8	53	0	410.53
ZEP	2017	12	7	8	53	0	410.41
ZEP	2017	12	14	8	57	0	416.75
ZEP	2017	12	14	8	57	0	416.63
ZEP	2017	12	21	8	40	0	411.04
ZEP	2017	12	21	8	40	0	411.04
ZEP	2017	12	28	8	5	0	411.06
