sample_site_code	sample_year	sample_month	sample_day	sample_hour	sample_minute	sample_seconds	analysis_value
HBA	1983	1	17	18	30	0	353.38
HBA	1983	1	17	18	30	0	339.89
HBA	1983	1	24	16	30	0	-999.99
HBA	1983	1	24	16	30	0	-999.99
HBA	1983	1	31	18	0	0	340.11
HBA	1983	1	31	18	0	0	-999.99
HBA	1983	2	7	17	30	0	340.36
HBA	1983	2	7	17	30	0	340.15
HBA	1983	2	14	18	0	0	340.27
HBA	1983	2	14	18	0	0	340.16
HBA	1983	2	21	16	30	0	339.83
HBA	1983	2	21	16	30	0	339.84
HBA	1983	2	28	16	30	0	348.86
HBA	1983	2	28	16	30	0	342.71
HBA	1983	3	7	17	30	0	340.08
HBA	1983	3	7	17	30	0	340.27
HBA	1983	3	14	17	30	0	340.49
HBA	1983	3	14	17	30	0	341.36
HBA	1983	3	21	17	30	0	339.97
HBA	1983	3	21	17	30	0	340.42
HBA	1983	3	28	17	30	0	340.1
HBA	1983	3	28	17	30	0	340.24
HBA	1983	4	4	18	30	0	-999.99
HBA	1983	4	4	18	30	0	340.88
HBA	1983	4	11	17	30	0	340.64
HBA	1983	4	11	17	30	0	340.4
HBA	1983	4	18	19	0	0	341.24
HBA	1983	4	18	19	0	0	352.92
HBA	1983	4	25	18	30	0	340.27
HBA	1983	4	25	18	30	0	340.38
HBA	1983	5	2	17	30	0	341.01
HBA	1983	5	2	17	30	0	340.77
HBA	1983	5	9	19	30	0	345.83
HBA	1983	5	9	19	30	0	349.14
HBA	1983	5	16	20	0	0	341.38
HBA	1983	5	16	20	0	0	341.19
HBA	1983	5	23	19	30	0	343.5
HBA	1983	5	23	19	30	0	343.69
HBA	1983	5	30	19	0	0	341.32
HBA	1983	5	30	19	0	0	342.01
HBA	1983	6	6	19	0	0	347.46
HBA	1983	6	6	19	0	0	351.34
HBA	1983	6	13	19	0	0	341.35
HBA	1983	6	13	19	0	0	341.63
HBA	1983	6	20	18	30	0	342.72
HBA	1983	6	20	18	30	0	342.22
HBA	1983	6	27	19	0	0	342.67
HBA	1983	6	27	19	0	0	342.53
HBA	1983	7	4	19	0	0	342.24
HBA	1983	7	4	19	0	0	342.19
HBA	1983	7	11	19	0	0	345.38
HBA	1983	7	11	19	0	0	344.01
HBA	1983	7	18	19	0	0	341.49
HBA	1983	7	18	19	0	0	341.86
HBA	1983	7	25	19	30	0	-999.99
HBA	1983	9	5	19	0	0	342.96
HBA	1983	9	5	19	0	0	342.81
HBA	1983	9	12	19	0	0	351.56
HBA	1983	9	12	19	0	0	343.34
HBA	1983	9	19	19	0	0	355.42
HBA	1983	9	19	19	0	0	342.06
HBA	1983	9	26	19	30	0	342.18
HBA	1983	9	26	19	30	0	342.23
HBA	1983	10	3	19	30	0	342.74
HBA	1983	10	3	19	30	0	343.17
HBA	1983	10	10	19	0	0	344.82
HBA	1983	10	10	19	0	0	344.56
HBA	1983	10	17	18	30	0	342.62
HBA	1983	10	17	18	30	0	345.91
HBA	1983	10	24	19	30	0	342.18
HBA	1983	10	24	19	30	0	342.22
HBA	1983	10	31	22	0	0	342.07
HBA	1983	10	31	22	0	0	342.02
HBA	1983	11	7	19	30	0	342.53
HBA	1983	11	7	19	30	0	342.58
HBA	1983	11	14	19	0	0	342.75
HBA	1983	11	14	19	0	0	342.69
HBA	1983	11	21	19	30	0	342.52
HBA	1983	11	21	19	30	0	342.53
HBA	1983	11	28	19	30	0	342.22
HBA	1983	11	28	19	30	0	342.26
HBA	1983	12	5	19	30	0	342.14
HBA	1983	12	5	19	30	0	342.29
HBA	1983	12	12	19	0	0	343.11
HBA	1983	12	12	19	0	0	343.17
HBA	1983	12	19	19	30	0	342.4
HBA	1983	12	19	19	30	0	351.9
HBA	1983	12	26	19	30	0	342.86
HBA	1983	12	26	19	30	0	343.29
HBA	1984	1	2	20	0	0	346.5
HBA	1984	1	2	20	0	0	342.09
HBA	1984	1	9	19	30	0	341.94
HBA	1984	1	9	19	30	0	342.03
HBA	1984	1	16	19	30	0	343.48
HBA	1984	1	16	19	30	0	343.52
HBA	1984	1	23	19	30	0	342.2
HBA	1984	1	23	19	30	0	341.92
HBA	1984	1	30	19	30	0	341.31
HBA	1984	1	30	19	30	0	341.28
HBA	1984	2	6	19	0	0	342.03
HBA	1984	2	6	19	0	0	342.12
HBA	1984	2	13	19	30	0	-999.99
HBA	1984	2	13	19	30	0	-999.99
HBA	1984	2	20	20	0	0	342.86
HBA	1984	2	20	20	0	0	342.55
HBA	1984	2	27	19	30	0	341.81
HBA	1984	2	27	19	30	0	341.75
HBA	1984	3	5	20	0	0	341.97
HBA	1984	3	5	20	0	0	345.34
HBA	1984	3	12	20	0	0	341.72
HBA	1984	3	12	20	0	0	341.6
HBA	1984	3	26	19	0	0	-999.99
HBA	1984	3	26	19	0	0	-999.99
HBA	1984	4	2	19	30	0	-999.99
HBA	1984	4	2	19	30	0	-999.99
HBA	1984	4	9	19	30	0	-999.99
HBA	1984	4	9	19	30	0	-999.99
HBA	1984	4	16	22	30	0	-999.99
HBA	1984	4	16	22	30	0	-999.99
HBA	1984	4	23	20	30	0	-999.99
HBA	1984	4	23	20	30	0	-999.99
HBA	1984	4	30	20	0	0	-999.99
HBA	1984	4	30	20	0	0	-999.99
HBA	1984	5	7	19	30	0	-999.99
HBA	1984	5	7	19	30	0	-999.99
HBA	1984	5	14	20	0	0	353.12
HBA	1984	5	14	20	0	0	350.23
HBA	1984	5	21	20	0	0	342.59
HBA	1984	5	21	20	0	0	342.53
HBA	1984	5	28	20	0	0	-999.99
HBA	1984	5	28	20	0	0	-999.99
HBA	1984	6	4	19	30	0	370.92
HBA	1984	6	4	19	30	0	-999.99
HBA	1984	6	11	19	30	0	357.41
HBA	1984	6	11	19	30	0	358.78
HBA	1984	6	18	20	0	0	-999.99
HBA	1984	6	18	20	0	0	-999.99
HBA	1984	6	25	19	0	0	350.52
HBA	1984	6	25	19	0	0	354.01
HBA	1984	7	3	19	0	0	349.21
HBA	1984	7	3	19	0	0	352.53
HBA	1984	7	9	19	30	0	356.25
HBA	1984	7	9	19	30	0	366.64
HBA	1984	7	16	19	0	0	350.16
HBA	1984	7	16	19	0	0	348.17
HBA	1984	7	24	19	0	0	362.75
HBA	1984	7	24	19	0	0	360.01
HBA	1984	7	30	20	0	0	353.21
HBA	1984	7	30	20	0	0	349.33
HBA	1984	8	6	20	0	0	343
HBA	1984	8	6	20	0	0	343.02
HBA	1984	8	13	20	0	0	351.63
HBA	1984	8	13	20	0	0	351.92
HBA	1984	8	20	19	30	0	352.35
HBA	1984	8	20	19	30	0	356.24
HBA	1984	8	28	20	0	0	-999.99
HBA	1984	8	28	20	0	0	-999.99
HBA	1984	9	3	19	30	0	357.29
HBA	1984	9	3	19	30	0	362.62
HBA	1984	9	10	20	0	0	358.84
HBA	1984	9	10	20	0	0	351.4
HBA	1984	9	17	19	30	0	-999.99
HBA	1984	9	17	19	30	0	-999.99
HBA	1984	9	24	19	30	0	-999.99
HBA	1984	9	24	19	30	0	-999.99
HBA	1984	10	1	19	0	0	350.76
HBA	1984	10	1	19	0	0	351.01
HBA	1984	10	8	19	0	0	344.93
HBA	1984	10	8	19	0	0	343.77
HBA	1984	10	15	19	0	0	344.62
HBA	1984	10	15	19	0	0	344.46
HBA	1984	10	22	19	30	0	370.96
HBA	1984	10	22	19	30	0	-999.99
HBA	1984	10	29	19	0	0	344.25
HBA	1984	10	29	19	0	0	345.42
HBA	1984	11	5	20	0	0	354.49
HBA	1984	11	5	20	0	0	354.12
HBA	1984	11	12	20	30	0	359.29
HBA	1984	11	12	20	30	0	351.55
HBA	1984	11	20	20	0	0	364.21
HBA	1984	11	20	20	0	0	-999.99
HBA	1984	11	26	20	0	0	343.69
HBA	1984	11	26	20	0	0	343.89
HBA	1984	12	3	20	0	0	343.97
HBA	1984	12	3	20	0	0	343.82
HBA	1984	12	10	20	0	0	343.92
HBA	1984	12	10	20	0	0	343.56
HBA	1984	12	17	23	0	0	344.2
HBA	1984	12	17	23	0	0	343.6
HBA	1984	12	25	19	0	0	345.35
HBA	1984	12	25	19	0	0	345.67
HBA	1984	12	31	19	0	0	344.03
HBA	1984	12	31	19	0	0	344.34
HBA	1985	1	7	19	0	0	343.22
HBA	1985	1	7	19	0	0	344.25
HBA	1985	1	22	19	0	0	343.49
HBA	1985	1	22	19	0	0	343.19
HBA	1985	2	4	19	0	0	343.08
HBA	1985	2	4	19	0	0	343.28
HBA	1985	2	18	19	0	0	344.24
HBA	1985	2	18	19	0	0	343.16
HBA	1985	3	4	19	0	0	-999.99
HBA	1985	3	4	19	0	0	-999.99
HBA	1985	3	19	19	0	0	346.12
HBA	1985	3	19	19	0	0	348.41
HBA	1985	4	1	19	0	0	344.44
HBA	1985	4	1	19	0	0	370.49
HBA	1985	4	15	19	0	0	-999.99
HBA	1985	4	15	19	0	0	-999.99
HBA	1985	4	29	19	0	0	-999.99
HBA	1985	4	29	19	0	0	-999.99
HBA	1985	5	13	19	0	0	-999.99
HBA	1985	5	13	19	0	0	-999.99
HBA	1985	5	27	19	0	0	-999.99
HBA	1985	5	27	19	0	0	-999.99
HBA	1985	6	10	19	0	0	-999.99
HBA	1985	6	10	19	0	0	-999.99
HBA	1985	6	25	14	0	0	363.77
HBA	1985	6	25	14	0	0	357.37
HBA	1985	7	8	19	0	0	-999.99
HBA	1985	7	8	19	0	0	-999.99
HBA	1985	7	22	19	0	0	343.99
HBA	1985	7	22	19	0	0	344
HBA	1985	8	5	20	0	0	-999.99
HBA	1985	8	5	20	0	0	-999.99
HBA	1985	8	27	17	0	0	344.85
HBA	1985	8	27	17	0	0	345.24
HBA	1985	9	9	19	0	0	360.37
HBA	1985	9	9	19	0	0	361.92
HBA	1985	9	30	19	0	0	345.14
HBA	1985	9	30	19	0	0	345.38
HBA	1985	10	7	19	0	0	345.69
HBA	1985	10	7	19	0	0	345.01
HBA	1985	10	21	19	0	0	346.26
HBA	1985	10	21	19	0	0	345.56
HBA	1985	11	11	19	0	0	345.06
HBA	1985	11	11	19	0	0	345.2
HBA	1985	11	18	19	0	0	345.1
HBA	1985	11	18	19	0	0	347.49
HBA	1985	12	2	19	0	0	345.78
HBA	1985	12	2	19	0	0	345.68
HBA	1985	12	18	23	0	0	350.12
HBA	1985	12	18	23	0	0	351.95
HBA	1985	12	30	20	30	0	347.53
HBA	1985	12	30	20	30	0	346.77
HBA	1986	1	13	19	23	0	344.91
HBA	1986	1	13	19	23	0	347.35
HBA	1986	1	27	19	30	0	344.91
HBA	1986	1	27	19	30	0	344.7
HBA	1986	2	12	5	45	0	346.02
HBA	1986	2	12	5	45	0	345.59
HBA	1986	2	24	19	25	0	361.77
HBA	1986	2	24	19	25	0	355.79
HBA	1986	3	14	19	30	0	344.5
HBA	1986	3	14	19	30	0	344.51
HBA	1986	3	24	19	20	0	350.15
HBA	1986	3	24	19	20	0	348.27
HBA	1986	4	14	18	30	0	344.58
HBA	1986	4	14	18	30	0	344.49
HBA	1986	4	23	20	15	0	353.07
HBA	1986	4	23	20	15	0	348.91
HBA	1986	5	7	17	0	0	344.89
HBA	1986	5	7	17	0	0	344.93
HBA	1986	5	21	20	0	0	344.73
HBA	1986	5	21	20	0	0	344.62
HBA	1986	6	4	19	35	0	345.19
HBA	1986	6	4	19	35	0	345.62
HBA	1986	6	18	19	30	0	345.3
HBA	1986	6	18	19	30	0	344.97
HBA	1986	7	18	19	30	0	345.95
HBA	1986	7	18	19	30	0	345.71
HBA	1986	7	30	17	0	0	346.65
HBA	1986	7	30	17	0	0	345.99
HBA	1986	8	16	21	15	0	345.59
HBA	1986	8	16	21	15	0	345.75
HBA	1986	8	27	21	0	0	345.98
HBA	1986	8	27	21	0	0	346.02
HBA	1986	9	10	19	40	0	346.1
HBA	1986	9	10	19	40	0	346.11
HBA	1986	9	24	18	30	0	346.41
HBA	1986	9	24	18	30	0	346.23
HBA	1986	10	8	20	10	0	346.39
HBA	1986	10	8	20	10	0	346.39
HBA	1986	10	22	20	0	0	346.36
HBA	1986	10	22	20	0	0	349.12
HBA	1986	11	5	19	0	0	345.97
HBA	1986	11	5	19	0	0	346.71
HBA	1986	11	20	19	15	0	346.48
HBA	1986	11	20	19	15	0	346.63
HBA	1986	12	3	19	5	0	346.47
HBA	1986	12	3	19	5	0	346.41
HBA	1986	12	16	20	10	0	346.52
HBA	1986	12	16	20	10	0	346
HBA	1986	12	16	20	20	0	346.01
HBA	1986	12	16	20	20	0	345.89
HBA	1986	12	16	20	30	0	346.96
HBA	1986	12	16	20	30	0	345.98
HBA	1987	1	1	19	0	0	346.21
HBA	1987	1	1	19	0	0	346.11
HBA	1987	1	15	19	30	0	346.12
HBA	1987	1	15	19	30	0	346.08
HBA	1987	1	28	19	0	0	346.16
HBA	1987	1	28	19	0	0	346.2
HBA	1987	2	11	20	0	0	346.9
HBA	1987	2	11	20	0	0	347.73
HBA	1987	2	25	20	10	0	347.09
HBA	1987	2	25	20	10	0	347.19
HBA	1987	4	11	21	0	0	367.72
HBA	1987	4	11	21	0	0	367.57
HBA	1987	4	22	20	50	0	346.23
HBA	1987	4	22	20	50	0	346.38
HBA	1987	5	6	19	40	0	-999.99
HBA	1987	5	6	19	40	0	-999.99
HBA	1987	5	21	19	50	0	346.98
HBA	1987	5	21	19	50	0	346.57
HBA	1987	6	4	20	30	0	-999.99
HBA	1987	6	4	20	30	0	-999.99
HBA	1987	6	17	19	50	0	-999.99
HBA	1987	6	17	19	50	0	358.62
HBA	1987	7	1	19	45	0	347.3
HBA	1987	7	1	19	45	0	347.49
HBA	1987	7	15	20	0	0	348.13
HBA	1987	7	15	20	0	0	347.89
HBA	1987	7	30	19	30	0	-999.99
HBA	1987	7	30	19	30	0	-999.99
HBA	1987	8	14	19	45	0	348.25
HBA	1987	8	14	19	45	0	347.92
HBA	1987	9	13	19	0	0	-999.99
HBA	1987	9	13	19	0	0	-999.99
HBA	1987	10	7	20	35	0	348.86
HBA	1987	10	7	20	35	0	348.84
HBA	1987	10	23	20	0	0	352.82
HBA	1987	10	23	20	0	0	352.82
HBA	1987	11	24	20	30	0	360.81
HBA	1987	11	24	20	30	0	366.27
HBA	1987	12	9	19	45	0	349.38
HBA	1987	12	9	19	45	0	349.07
HBA	1988	1	18	19	45	0	348.18
HBA	1988	1	18	19	45	0	348.47
HBA	1988	1	18	19	55	0	348.31
HBA	1988	1	18	19	55	0	348.31
HBA	1988	1	18	20	0	0	350.03
HBA	1988	1	18	20	0	0	350.32
HBA	1988	1	18	20	15	0	348.36
HBA	1988	1	18	20	15	0	348.23
HBA	1988	1	18	20	20	0	348.4
HBA	1988	1	18	20	20	0	348.59
HBA	1988	2	3	19	50	0	348.56
HBA	1988	2	3	19	50	0	349.15
HBA	1988	2	17	19	50	0	349.43
HBA	1988	2	17	19	50	0	349.51
HBA	1988	3	3	20	0	0	348.35
HBA	1988	3	3	20	0	0	355.96
HBA	1988	3	16	19	45	0	350.83
HBA	1988	3	16	19	45	0	354.01
HBA	1988	4	1	19	45	0	348.63
HBA	1988	4	1	19	45	0	374.69
HBA	1988	4	20	20	15	0	348.89
HBA	1988	4	20	20	15	0	349.18
HBA	1988	5	4	19	50	0	350
HBA	1988	5	4	19	50	0	350.58
HBA	1988	5	27	20	50	0	349.73
HBA	1988	5	27	20	50	0	349.74
HBA	1988	6	10	19	15	0	349.95
HBA	1988	6	10	19	15	0	349.87
HBA	1988	7	8	19	50	0	350.48
HBA	1988	7	8	19	50	0	349.83
HBA	1988	8	8	19	30	0	351.81
HBA	1988	8	8	19	30	0	355.57
HBA	1988	8	24	14	20	0	359.46
HBA	1988	8	24	14	20	0	353.39
HBA	1988	9	16	16	30	0	350.76
HBA	1988	9	16	16	30	0	350.8
HBA	1988	10	11	17	30	0	351.28
HBA	1988	10	11	17	30	0	354.73
HBA	1988	11	9	19	30	0	350.21
HBA	1988	11	9	19	30	0	350.47
HBA	1988	11	25	14	15	0	350.78
HBA	1988	11	25	14	15	0	351.34
HBA	1988	12	8	20	0	0	353.1
HBA	1988	12	8	20	0	0	356.22
HBA	1988	12	22	17	0	0	351.24
HBA	1988	12	22	17	0	0	350.72
HBA	1989	1	6	19	0	0	352.65
HBA	1989	1	6	19	0	0	351.48
HBA	1989	1	20	16	50	0	352.85
HBA	1989	1	20	16	50	0	351.04
HBA	1989	2	16	16	40	0	355.55
HBA	1989	2	16	16	40	0	355.47
HBA	1989	2	27	20	0	0	351.31
HBA	1989	2	27	20	0	0	350.17
HBA	1989	3	8	15	0	0	349.58
HBA	1989	3	8	15	0	0	350.87
HBA	1989	3	24	20	0	0	350.74
HBA	1989	3	24	20	0	0	350.18
HBA	1989	4	7	20	0	0	350.54
HBA	1989	4	7	20	0	0	350.27
HBA	1989	4	26	16	20	0	351.55
HBA	1989	4	26	16	20	0	350.47
HBA	1989	5	23	16	30	0	352
HBA	1989	5	23	16	30	0	350.43
HBA	1989	6	15	17	10	0	-999.99
HBA	1989	6	15	17	10	0	-999.99
HBA	1989	7	5	17	20	0	-999.99
HBA	1989	7	5	17	20	0	-999.99
HBA	1989	7	28	19	30	0	-999.99
HBA	1989	7	28	19	30	0	-999.99
HBA	1989	8	19	18	30	0	-999.99
HBA	1989	8	19	18	30	0	-999.99
HBA	1989	8	30	19	10	0	-999.99
HBA	1989	8	30	19	10	0	-999.99
HBA	1989	9	22	19	40	0	-999.99
HBA	1989	9	22	19	40	0	-999.99
HBA	1989	10	6	17	30	0	378.41
HBA	1989	10	6	17	30	0	-999.99
HBA	1989	10	25	17	20	0	-999.99
HBA	1989	10	25	17	20	0	382.31
HBA	1989	11	8	17	40	0	354.66
HBA	1989	11	8	17	40	0	352.21
HBA	1989	11	23	19	30	0	356.94
HBA	1989	11	23	19	30	0	362.42
HBA	1989	11	28	14	15	0	352.5
HBA	1989	11	28	14	15	0	351.82
HBA	1989	12	18	17	55	0	-999.99
HBA	1989	12	18	17	55	0	-999.99
HBA	1989	12	29	16	45	0	-999.99
HBA	1989	12	29	16	45	0	-999.99
HBA	1990	1	11	19	5	0	-999.99
HBA	1990	1	11	19	5	0	-999.99
HBA	1990	1	27	19	10	0	-999.99
HBA	1990	1	27	19	10	0	-999.99
HBA	1990	2	8	19	15	0	351.8
HBA	1990	2	8	19	15	0	351.9
HBA	1990	2	17	18	0	0	-999.99
HBA	1990	2	17	18	0	0	-999.99
HBA	1990	2	25	12	34	56	350.87
HBA	1990	2	25	12	34	56	351.14
HBA	1990	3	13	14	25	0	-999.99
HBA	1990	3	13	14	25	0	-999.99
HBA	1990	3	21	16	40	0	-999.99
HBA	1990	3	21	16	40	0	-999.99
HBA	1990	4	4	15	5	0	-999.99
HBA	1990	4	4	15	5	0	-999.99
HBA	1990	4	18	15	45	0	-999.99
HBA	1990	4	18	15	45	0	-999.99
HBA	1990	5	2	17	50	0	-999.99
HBA	1990	5	2	17	50	0	-999.99
HBA	1990	5	16	15	7	0	-999.99
HBA	1990	5	16	15	7	0	-999.99
HBA	1990	6	1	10	36	0	366.93
HBA	1990	6	1	10	36	0	369.7
HBA	1990	6	13	17	50	0	354.65
HBA	1990	6	13	17	50	0	353.08
HBA	1990	6	27	9	35	0	-999.99
HBA	1990	6	27	9	35	0	-999.99
HBA	1990	7	11	15	51	0	-999.99
HBA	1990	7	11	15	51	0	-999.99
HBA	1990	7	25	17	8	0	-999.99
HBA	1990	7	25	17	8	0	-999.99
HBA	1990	8	8	10	0	0	-999.99
HBA	1990	8	8	10	0	0	-999.99
HBA	1990	8	22	10	37	0	-999.99
HBA	1990	8	22	10	37	0	-999.99
HBA	1990	9	5	14	40	0	-999.99
HBA	1990	9	5	14	40	0	-999.99
HBA	1990	9	20	13	32	0	-999.99
HBA	1990	9	20	13	32	0	-999.99
HBA	1990	10	3	17	30	0	-999.99
HBA	1990	10	3	17	30	0	-999.99
HBA	1990	10	18	15	20	0	-999.99
HBA	1990	10	18	15	20	0	-999.99
HBA	1990	11	2	14	5	0	-999.99
HBA	1990	11	2	14	5	0	-999.99
HBA	1990	11	13	18	15	0	-999.99
HBA	1990	11	13	18	15	0	-999.99
HBA	1990	12	1	14	50	0	-999.99
HBA	1990	12	1	14	50	0	-999.99
HBA	1990	12	11	14	15	0	-999.99
HBA	1990	12	11	14	15	0	-999.99
HBA	1990	12	11	14	15	0	-999.99
HBA	1990	12	11	14	15	0	-999.99
HBA	1990	12	28	9	5	0	-999.99
HBA	1990	12	28	9	5	0	-999.99
HBA	1991	2	10	15	15	0	352.16
HBA	1991	2	10	15	15	0	352.2
HBA	1991	4	24	17	0	0	353.15
HBA	1991	4	24	17	0	0	353.54
HBA	1991	6	27	15	10	0	353.34
HBA	1991	6	27	15	10	0	353.21
HBA	1991	8	21	14	40	0	354.04
HBA	1991	8	21	14	40	0	354.19
HBA	1991	9	25	10	0	0	354.19
HBA	1991	9	25	10	0	0	354.22
HBA	1991	10	29	20	35	0	354.29
HBA	1991	10	29	20	35	0	354.24
HBA	1991	12	10	17	10	0	354.88
HBA	1991	12	10	17	10	0	367.26
HBA	1992	1	18	13	25	0	353.45
HBA	1992	1	18	13	25	0	353.2
HBA	1992	1	31	15	45	0	354.28
HBA	1992	1	31	15	45	0	354.87
HBA	1992	2	14	18	40	0	353.03
HBA	1992	2	14	18	40	0	353.16
HBA	1992	3	3	12	30	0	353.02
HBA	1992	3	3	12	30	0	353.03
HBA	1992	3	15	16	0	0	352.84
HBA	1992	3	15	16	0	0	352.85
HBA	1992	3	26	15	0	0	353.31
HBA	1992	3	26	15	0	0	353.28
HBA	1992	4	10	15	0	0	353.37
HBA	1992	4	10	15	0	0	353.66
HBA	1992	4	24	15	10	0	355.23
HBA	1992	4	24	15	10	0	355.38
HBA	1992	4	28	14	30	0	353.99
HBA	1992	4	28	14	30	0	354.53
HBA	1992	5	21	14	50	0	355.62
HBA	1992	5	21	14	50	0	355.47
HBA	1992	6	5	15	0	0	358.78
HBA	1992	6	5	15	0	0	355.91
HBA	1992	6	23	13	0	0	356.34
HBA	1992	6	23	13	0	0	355.61
HBA	1992	7	7	14	20	0	355.69
HBA	1992	7	7	14	20	0	355.65
HBA	1992	7	20	15	45	0	355.98
HBA	1992	7	20	15	45	0	355.91
HBA	1992	7	30	16	35	0	354.94
HBA	1992	7	30	16	35	0	355.09
HBA	1992	8	20	15	45	0	355.95
HBA	1992	8	20	15	45	0	358.37
HBA	1992	9	8	14	45	0	357.17
HBA	1992	9	8	14	45	0	357.16
HBA	1992	9	16	14	45	0	355.48
HBA	1992	9	16	14	45	0	355.45
HBA	1992	9	24	15	45	0	357.84
HBA	1992	9	24	15	45	0	356.15
HBA	1992	10	9	15	0	0	355.76
HBA	1992	10	9	15	0	0	355.93
HBA	1992	10	22	15	45	0	359.43
HBA	1992	10	22	15	45	0	360.29
HBA	1992	11	12	15	30	0	355.7
HBA	1992	11	12	15	30	0	355.44
HBA	1992	12	14	15	25	0	355
HBA	1992	12	14	15	25	0	355.2
HBA	1992	12	27	6	20	0	355.77
HBA	1992	12	27	6	20	0	355.02
HBA	1993	1	7	16	50	0	357.32
HBA	1993	1	7	16	50	0	355.27
HBA	1993	1	21	15	50	0	360.66
HBA	1993	1	21	15	50	0	359.13
HBA	1993	2	4	16	30	0	354.79
HBA	1993	2	4	16	30	0	354.9
HBA	1993	2	12	12	34	56	356.11
HBA	1993	2	12	12	34	56	356.18
HBA	1993	3	5	15	0	0	354.31
HBA	1993	3	5	15	0	0	354.29
HBA	1993	3	19	16	0	0	354.5
HBA	1993	3	19	16	0	0	354.52
HBA	1993	4	24	15	30	0	354.8
HBA	1993	4	24	15	30	0	354.65
HBA	1993	4	29	16	30	0	354.76
HBA	1993	4	29	16	30	0	354.61
HBA	1993	5	13	16	0	0	354.88
HBA	1993	5	13	16	0	0	356.05
HBA	1993	6	11	15	30	0	361.35
HBA	1993	6	11	15	30	0	357.48
HBA	1993	7	29	15	0	0	357.29
HBA	1993	7	29	15	0	0	358.34
HBA	1993	9	20	15	45	0	356.1
HBA	1993	9	20	15	45	0	356.3
HBA	1993	10	11	15	0	0	365.76
HBA	1993	10	11	15	0	0	356.23
HBA	1993	11	23	15	15	0	356.46
HBA	1993	11	23	15	15	0	356.62
HBA	1993	12	24	16	9	0	357.01
HBA	1993	12	24	16	9	0	359.98
HBA	1994	1	3	11	45	0	356.17
HBA	1994	1	3	11	45	0	355.96
HBA	1994	1	12	16	4	0	355.4
HBA	1994	1	12	16	4	0	355.45
HBA	1994	1	20	11	10	0	355.95
HBA	1994	1	20	11	10	0	355.85
HBA	1994	1	26	15	31	0	355.09
HBA	1994	1	26	15	31	0	355.18
HBA	1994	2	2	17	56	0	355.89
HBA	1994	2	2	17	56	0	355.97
HBA	1994	2	9	16	0	0	355.81
HBA	1994	2	9	16	0	0	355.99
HBA	1994	2	17	15	37	0	356.06
HBA	1994	2	17	15	37	0	356.67
HBA	1994	2	23	16	0	0	355.97
HBA	1994	2	23	16	0	0	356.04
HBA	1994	3	2	15	20	0	355.92
HBA	1994	3	2	15	20	0	356.02
HBA	1994	3	9	15	15	0	355.98
HBA	1994	3	9	15	15	0	356
HBA	1994	3	17	16	50	0	356.07
HBA	1994	3	17	16	50	0	356.03
HBA	1994	3	23	12	34	56	356.96
HBA	1994	3	23	12	34	56	356.94
HBA	1994	3	23	15	36	0	355.95
HBA	1994	3	23	15	36	0	355.89
HBA	1994	4	20	12	34	56	359.76
HBA	1994	4	20	12	34	56	356.83
HBA	1994	4	28	14	18	0	355.8
HBA	1994	4	28	14	18	0	355.92
HBA	1994	5	4	15	45	0	355.87
HBA	1994	5	4	15	45	0	355.99
HBA	1994	5	11	14	50	0	356.11
HBA	1994	5	11	14	50	0	356.04
HBA	1994	5	18	14	24	0	356.08
HBA	1994	5	18	14	24	0	355.97
HBA	1994	5	26	14	39	0	357.28
HBA	1994	5	26	14	39	0	356.51
HBA	1994	6	1	15	25	0	356.14
HBA	1994	6	1	15	25	0	356.09
HBA	1994	6	8	14	15	0	356.31
HBA	1994	6	8	14	15	0	356.38
HBA	1994	6	15	16	0	0	356.35
HBA	1994	6	15	16	0	0	356.31
HBA	1994	6	29	14	30	0	359.19
HBA	1994	6	29	14	30	0	359.81
HBA	1994	7	6	14	25	0	361.91
HBA	1994	7	6	14	25	0	358.19
HBA	1994	7	13	15	0	0	356.86
HBA	1994	7	13	15	0	0	356.85
HBA	1994	7	20	15	0	0	356.94
HBA	1994	7	20	15	0	0	357.02
HBA	1994	7	27	14	33	0	357.1
HBA	1994	7	27	14	33	0	357.15
HBA	1994	8	3	17	0	0	357.2
HBA	1994	8	3	17	0	0	357.22
HBA	1994	8	11	12	50	0	359.36
HBA	1994	8	11	12	50	0	358.49
HBA	1994	8	17	14	30	0	360.85
HBA	1994	8	17	14	30	0	359.1
HBA	1994	8	24	16	15	0	359.73
HBA	1994	8	24	16	15	0	361.38
HBA	1994	8	31	15	25	0	359.71
HBA	1994	8	31	15	25	0	359.07
HBA	1994	9	7	15	30	0	359.33
HBA	1994	9	7	15	30	0	360.11
HBA	1994	9	14	15	15	0	359.79
HBA	1994	9	14	15	15	0	360.09
HBA	1994	9	21	14	10	0	358.74
HBA	1994	9	21	14	10	0	359.37
HBA	1994	9	30	10	55	0	358.19
HBA	1994	9	30	10	55	0	359.08
HBA	1994	10	5	11	0	0	359.72
HBA	1994	10	5	11	0	0	358.93
HBA	1994	10	12	13	54	0	358.7
HBA	1994	10	12	13	54	0	358.83
HBA	1994	10	20	11	25	0	360.11
HBA	1994	10	20	11	25	0	360.61
HBA	1994	10	26	16	20	0	358.68
HBA	1994	10	26	16	20	0	359.06
HBA	1994	11	2	14	18	0	359.96
HBA	1994	11	2	14	18	0	361.3
HBA	1994	11	10	15	40	0	363.85
HBA	1994	11	10	15	40	0	361.41
HBA	1994	11	16	14	15	0	358.08
HBA	1994	11	16	14	15	0	358.21
HBA	1994	11	24	14	20	0	357.96
HBA	1994	11	24	14	20	0	357.79
HBA	1994	11	30	11	7	0	358.29
HBA	1994	11	30	11	7	0	358.28
HBA	1994	12	7	16	30	0	357.94
HBA	1994	12	7	16	30	0	357.9
HBA	1994	12	15	15	33	0	357.97
HBA	1994	12	15	15	33	0	357.9
HBA	1994	12	21	15	45	0	358.35
HBA	1994	12	21	15	45	0	358.38
HBA	1994	12	31	16	20	0	357.82
HBA	1994	12	31	16	20	0	358.04
HBA	1995	1	4	17	55	0	357.76
HBA	1995	1	4	17	55	0	357.95
HBA	1995	1	19	10	55	0	357.63
HBA	1995	1	19	10	55	0	357.38
HBA	1995	2	4	10	4	0	358.01
HBA	1995	2	4	10	4	0	358.08
HBA	1995	2	24	12	35	0	357.65
HBA	1995	2	24	12	35	0	357.96
HBA	1995	3	28	16	51	0	357.49
HBA	1995	3	28	16	51	0	357.15
HBA	1995	4	5	14	40	0	356.88
HBA	1995	4	5	14	40	0	357.66
HBA	1995	4	20	11	30	0	357.11
HBA	1995	4	20	11	30	0	357.74
HBA	1995	5	3	14	31	0	357.61
HBA	1995	5	3	14	31	0	357.98
HBA	1995	5	17	10	55	0	357.42
HBA	1995	5	17	10	55	0	357.98
HBA	1995	5	31	11	41	0	357.96
HBA	1995	5	31	11	41	0	357.7
HBA	1995	6	15	15	16	0	358.34
HBA	1995	6	15	15	16	0	357.76
HBA	1995	6	29	10	56	0	358.99
HBA	1995	6	29	10	56	0	358.83
HBA	1995	7	13	14	50	0	358.36
HBA	1995	7	13	14	50	0	358.69
HBA	1995	7	26	11	53	0	359.07
HBA	1995	8	2	15	50	0	358.15
HBA	1995	8	2	15	50	0	358.31
HBA	1995	8	17	17	56	0	358.85
HBA	1995	8	17	17	56	0	358.39
HBA	1995	8	31	10	0	0	359.29
HBA	1995	8	31	10	0	0	359.04
HBA	1995	9	14	16	34	0	358.85
HBA	1995	9	14	16	34	0	358.95
HBA	1995	9	28	14	25	0	359.05
HBA	1995	9	28	14	25	0	359.13
HBA	1995	10	11	21	24	0	359.14
HBA	1995	10	11	21	24	0	359.46
HBA	1995	10	25	9	33	0	358.38
HBA	1995	10	25	9	33	0	359.48
HBA	1995	11	9	15	48	0	358.6
HBA	1995	11	9	15	48	0	358.53
HBA	1995	11	23	18	22	0	358.74
HBA	1995	11	23	18	22	0	358.81
HBA	1995	12	12	13	58	0	359.1
HBA	1995	12	12	13	58	0	358.99
HBA	1995	12	20	15	15	0	358.47
HBA	1995	12	20	15	15	0	358.71
HBA	1996	1	4	15	25	0	359.81
HBA	1996	1	4	15	25	0	358.58
HBA	1996	1	17	15	55	0	358.73
HBA	1996	1	17	15	55	0	358.65
HBA	1996	2	1	15	40	0	358.24
HBA	1996	2	1	15	40	0	358.14
HBA	1996	2	15	16	55	0	358.87
HBA	1996	2	15	16	55	0	358.92
HBA	1996	2	15	16	55	0	358.9
HBA	1996	3	3	12	11	0	358.84
HBA	1996	3	3	12	11	0	358.87
HBA	1996	3	3	12	11	0	358.95
HBA	1996	3	15	21	14	0	358.57
HBA	1996	3	15	21	14	0	358.81
HBA	1996	3	15	21	14	0	358.67
HBA	1996	3	27	16	11	0	358.7
HBA	1996	3	27	16	11	0	358.97
HBA	1996	3	27	16	11	0	358.69
HBA	1996	4	17	16	43	0	358.96
HBA	1996	4	17	16	43	0	358.59
HBA	1996	5	15	12	25	0	359.15
HBA	1996	5	15	12	25	0	359.21
HBA	1996	5	15	12	25	0	359.08
HBA	1996	5	22	12	16	0	358.99
HBA	1996	5	22	12	16	0	359.2
HBA	1996	5	22	12	16	0	358.77
HBA	1996	6	7	15	34	0	359.49
HBA	1996	6	7	15	34	0	359.52
HBA	1996	6	7	15	34	0	359.45
HBA	1996	6	30	9	27	0	359.67
HBA	1996	6	30	9	27	0	359.59
HBA	1996	6	30	9	27	0	359.59
HBA	1996	7	13	11	10	0	359.86
HBA	1996	7	13	11	10	0	360
HBA	1996	7	13	11	10	0	359.89
HBA	1996	7	21	14	0	0	359.99
HBA	1996	7	21	14	0	0	360.04
HBA	1996	7	21	14	0	0	360
HBA	1996	8	1	22	0	0	359.5
HBA	1996	8	1	22	0	0	360.23
HBA	1996	8	1	22	0	0	360.26
HBA	1996	8	26	14	35	0	360.2
HBA	1996	8	26	14	35	0	360.48
HBA	1996	8	26	14	35	0	360.15
HBA	1996	9	4	10	58	0	360.47
HBA	1996	9	4	10	58	0	360.26
HBA	1996	9	4	14	45	0	360.14
HBA	1996	9	4	14	45	0	360.52
HBA	1996	9	4	14	45	0	360.08
HBA	1996	9	18	10	43	0	360.54
HBA	1996	9	18	10	43	0	360.61
HBA	1996	9	18	10	43	0	360.48
HBA	1996	10	9	18	40	0	360.63
HBA	1996	10	9	18	40	0	360.7
HBA	1996	10	9	18	40	0	360.57
HBA	1996	10	16	17	45	0	360.75
HBA	1996	10	16	17	45	0	360.78
HBA	1996	10	16	17	45	0	360.74
HBA	1996	11	9	13	59	0	360.06
HBA	1996	11	9	13	59	0	360.73
HBA	1996	11	9	13	59	0	360.11
HBA	1996	11	19	10	55	0	360.52
HBA	1996	11	19	10	55	0	360.66
HBA	1996	11	19	10	55	0	360.04
HBA	1996	12	4	15	45	0	360.54
HBA	1996	12	4	15	45	0	360.74
HBA	1996	12	4	15	45	0	360.55
HBA	1996	12	19	12	13	0	360.52
HBA	1996	12	19	12	13	0	360.71
HBA	1996	12	19	12	13	0	360.72
HBA	1997	1	4	11	12	0	360.68
HBA	1997	1	4	11	12	0	360.67
HBA	1997	1	4	11	12	0	360.63
HBA	1997	1	17	19	10	0	360.02
HBA	1997	1	17	19	10	0	360
HBA	1997	1	17	19	10	0	359.57
HBA	1997	1	24	6	45	0	360.69
HBA	1997	1	24	6	45	0	360.61
HBA	1997	1	31	0	40	0	360.67
HBA	1997	1	31	0	40	0	360.49
HBA	1997	2	5	12	55	0	360.4
HBA	1997	2	5	12	55	0	360.31
HBA	1997	2	14	18	30	0	360.35
HBA	1997	2	14	18	30	0	360.36
HBA	1997	2	20	14	15	0	360.5
HBA	1997	2	20	14	15	0	360.32
HBA	1997	2	28	12	45	0	360.15
HBA	1997	2	28	12	45	0	360.2
HBA	1997	3	5	15	7	0	360.4
HBA	1997	3	5	15	7	0	360.45
HBA	1997	3	13	14	50	0	360.39
HBA	1997	3	13	14	50	0	360.3
HBA	1997	3	21	14	50	0	360.77
HBA	1997	3	21	14	50	0	360.61
HBA	1997	3	26	16	0	0	360.38
HBA	1997	3	26	16	0	0	362.5
HBA	1997	4	3	16	30	0	360.39
HBA	1997	4	3	16	30	0	360.47
HBA	1997	4	9	16	40	0	360.7
HBA	1997	4	9	16	40	0	360.77
HBA	1997	4	16	12	30	0	360.87
HBA	1997	4	16	12	30	0	360.91
HBA	1997	4	23	14	50	0	360.76
HBA	1997	4	23	14	50	0	360.64
HBA	1997	4	30	12	40	0	360.53
HBA	1997	4	30	12	40	0	360.62
HBA	1997	5	7	12	40	0	360.67
HBA	1997	5	7	12	40	0	360.83
HBA	1997	5	15	14	6	0	361.62
HBA	1997	5	15	14	6	0	360.91
HBA	1997	5	21	15	30	0	360.69
HBA	1997	5	21	15	30	0	360.76
HBA	1997	5	29	14	35	0	360.72
HBA	1997	5	29	14	35	0	360.75
HBA	1997	6	4	11	0	0	360.93
HBA	1997	6	4	11	0	0	360.89
HBA	1997	6	15	18	25	0	360.93
HBA	1997	6	15	18	25	0	361.04
HBA	1997	6	18	15	30	0	360.96
HBA	1997	6	18	15	30	0	361.13
HBA	1997	6	25	14	20	0	361.02
HBA	1997	6	25	14	20	0	361.03
HBA	1997	7	4	17	30	0	361.09
HBA	1997	7	4	17	30	0	361.05
HBA	1997	7	9	15	20	0	361.06
HBA	1997	7	9	15	20	0	361.11
HBA	1997	7	16	14	15	0	360.61
HBA	1997	7	16	14	15	0	361.16
HBA	1997	7	26	15	35	0	361.38
HBA	1997	7	26	15	35	0	361.34
HBA	1997	7	30	12	45	0	415.08
HBA	1997	7	30	12	45	0	361.26
HBA	1997	8	6	15	40	0	361.41
HBA	1997	8	6	15	40	0	361.32
HBA	1997	8	13	15	35	0	361.4
HBA	1997	8	13	15	35	0	361.41
HBA	1997	8	20	14	50	0	361.6
HBA	1997	8	20	14	50	0	361.63
HBA	1997	8	27	15	20	0	361.49
HBA	1997	8	27	15	20	0	361.54
HBA	1997	9	3	14	5	0	361.77
HBA	1997	9	3	14	5	0	361.71
HBA	1997	9	10	14	55	0	361.78
HBA	1997	9	10	14	55	0	361.75
HBA	1997	9	18	17	25	0	361.54
HBA	1997	9	18	17	25	0	361.62
HBA	1997	9	24	12	20	0	361.6
HBA	1997	9	24	12	20	0	361.69
HBA	1997	10	1	12	30	0	358.66
HBA	1997	10	1	12	30	0	361.7
HBA	1997	10	9	15	40	0	361.85
HBA	1997	10	9	15	40	0	361.82
HBA	1997	10	16	9	35	0	361.75
HBA	1997	10	16	9	35	0	361.7
HBA	1997	10	23	10	55	0	361.94
HBA	1997	10	23	10	55	0	361.91
HBA	1997	10	31	14	10	0	361.9
HBA	1997	10	31	14	10	0	361.87
HBA	1997	11	7	15	30	0	361.85
HBA	1997	11	12	12	20	0	361.73
HBA	1997	11	12	12	20	0	362.72
HBA	1997	11	20	9	15	0	361.8
HBA	1997	11	20	9	15	0	361.86
HBA	1997	11	26	14	15	0	361.62
HBA	1997	11	26	14	15	0	361.59
HBA	1997	12	3	17	40	0	361.4
HBA	1997	12	3	17	40	0	361.54
HBA	1997	12	10	16	0	0	361.61
HBA	1997	12	10	16	0	0	361.81
HBA	1997	12	17	14	55	0	361.64
HBA	1997	12	17	14	55	0	361.58
HBA	1997	12	25	15	40	0	361.26
HBA	1997	12	25	15	40	0	361.2
HBA	1997	12	31	15	25	0	361.59
HBA	1997	12	31	15	25	0	361.67
HBA	1998	1	7	15	30	0	360.86
HBA	1998	1	7	15	30	0	360.93
HBA	1998	1	15	15	5	0	361.72
HBA	1998	1	15	15	5	0	361.73
HBA	1998	1	22	15	30	0	361.88
HBA	1998	1	22	15	30	0	361.9
HBA	1998	1	28	11	5	0	361.61
HBA	1998	1	28	11	5	0	361.58
HBA	1998	2	4	15	0	0	362.17
HBA	1998	2	4	15	0	0	361.86
HBA	1998	2	11	15	22	0	361.78
HBA	1998	2	11	15	22	0	361.7
HBA	1998	2	18	12	30	0	362.04
HBA	1998	2	18	12	30	0	362.18
HBA	1998	2	25	15	20	0	362.16
HBA	1998	2	25	15	20	0	361.33
HBA	1998	3	4	9	41	0	362.26
HBA	1998	3	4	9	41	0	362.02
HBA	1998	3	11	10	25	0	362.14
HBA	1998	3	11	10	25	0	362.06
HBA	1998	3	19	10	30	0	362.08
HBA	1998	3	19	10	30	0	362.07
HBA	1998	3	25	10	25	0	362.25
HBA	1998	3	25	10	25	0	361.87
HBA	1998	4	2	9	20	0	362.27
HBA	1998	4	2	9	20	0	362.16
HBA	1998	4	8	14	15	0	362.27
HBA	1998	4	8	14	15	0	362.27
HBA	1998	4	16	14	20	0	362.59
HBA	1998	4	16	14	20	0	362.47
HBA	1998	4	22	16	5	0	362.5
HBA	1998	4	22	16	5	0	362.69
HBA	1998	4	30	14	25	0	362.46
HBA	1998	4	30	14	25	0	362.61
HBA	1998	5	6	14	30	0	362.71
HBA	1998	5	6	14	30	0	362.87
HBA	1998	5	13	15	15	0	362.92
HBA	1998	5	13	15	15	0	363.06
HBA	1998	5	20	14	45	0	363.06
HBA	1998	5	20	14	45	0	363.05
HBA	1998	5	29	15	0	0	363.31
HBA	1998	5	29	15	0	0	363.2
HBA	1998	6	4	11	30	0	363.02
HBA	1998	6	4	11	30	0	363.18
HBA	1998	6	10	14	20	0	363.32
HBA	1998	6	10	14	20	0	363.32
HBA	1998	6	17	14	30	0	363.34
HBA	1998	6	17	14	30	0	363.29
HBA	1998	6	29	16	40	0	363.68
HBA	1998	6	29	16	40	0	363.67
HBA	1998	7	3	14	50	0	363.75
HBA	1998	7	3	14	50	0	380.33
HBA	1998	7	11	14	30	0	363.78
HBA	1998	7	11	14	30	0	363.71
HBA	1998	7	16	10	0	0	363.88
HBA	1998	7	16	10	0	0	363.91
HBA	1998	7	22	11	30	0	364.12
HBA	1998	7	22	11	30	0	363.58
HBA	1998	7	29	15	30	0	364.14
HBA	1998	7	29	15	30	0	363.99
HBA	1998	8	6	14	40	0	364.23
HBA	1998	8	6	14	40	0	364.21
HBA	1998	8	17	17	15	0	364.33
HBA	1998	8	17	17	15	0	364.41
HBA	1998	8	19	10	20	0	364.46
HBA	1998	8	19	10	20	0	364.45
HBA	1998	8	27	9	35	0	364.53
HBA	1998	8	27	9	35	0	364.59
HBA	1998	9	2	14	55	0	364.57
HBA	1998	9	2	14	55	0	364.65
HBA	1998	9	9	14	35	0	365.08
HBA	1998	9	9	14	35	0	364.56
HBA	1998	9	17	16	30	0	364.93
HBA	1998	9	17	16	30	0	364.88
HBA	1998	9	24	12	35	0	364.88
HBA	1998	9	24	12	35	0	364.88
HBA	1998	9	30	15	55	0	364.8
HBA	1998	9	30	15	55	0	364.33
HBA	1998	10	8	17	35	0	364.94
HBA	1998	10	8	17	35	0	364.71
HBA	1998	10	14	14	30	0	364.8
HBA	1998	10	14	14	30	0	364.91
HBA	1998	10	21	12	30	0	364.73
HBA	1998	10	21	12	30	0	364.74
HBA	1998	10	29	15	50	0	365.04
HBA	1998	10	29	15	50	0	364.97
HBA	1998	11	5	15	27	0	365.23
HBA	1998	11	5	15	27	0	365.06
HBA	1998	11	12	15	25	0	365.08
HBA	1998	11	12	15	25	0	365.04
HBA	1998	11	18	14	40	0	365.01
HBA	1998	11	18	14	40	0	365.07
HBA	1998	11	25	16	12	0	365.05
HBA	1998	11	25	16	12	0	365.1
HBA	1998	12	3	10	10	0	365.06
HBA	1998	12	3	10	10	0	364.97
HBA	1998	12	16	16	2	0	365.01
HBA	1998	12	16	16	2	0	364.94
HBA	1998	12	23	6	35	0	364.8
HBA	1998	12	23	6	35	0	365.01
HBA	1998	12	30	10	10	0	364.99
HBA	1998	12	30	10	10	0	365
HBA	1999	1	7	14	25	0	365
HBA	1999	1	7	14	25	0	365.01
HBA	1999	1	14	15	15	0	364.97
HBA	1999	1	14	15	15	0	364.69
HBA	1999	1	20	14	30	0	365.3
HBA	1999	1	20	14	30	0	365.58
HBA	1999	1	27	16	15	0	364.96
HBA	1999	1	27	16	15	0	365.07
HBA	1999	2	7	21	20	0	364.83
HBA	1999	2	7	21	20	0	364.95
HBA	1999	2	10	16	0	0	364.01
HBA	1999	2	10	16	0	0	364.42
HBA	1999	2	17	10	0	0	365.11
HBA	1999	2	17	10	0	0	364.87
HBA	1999	2	24	17	12	0	364.87
HBA	1999	2	24	17	12	0	364.86
HBA	1999	3	3	12	15	0	364.96
HBA	1999	3	3	12	15	0	364.89
HBA	1999	3	10	17	25	0	365.06
HBA	1999	3	10	17	25	0	365.01
HBA	1999	3	17	16	10	0	364.86
HBA	1999	3	17	16	10	0	364.96
HBA	1999	3	24	14	25	0	365.08
HBA	1999	3	24	14	25	0	365
HBA	1999	3	31	15	20	0	365.14
HBA	1999	3	31	15	20	0	365.06
HBA	1999	4	7	10	10	0	364.97
HBA	1999	4	7	10	10	0	365.09
HBA	1999	4	16	14	25	0	367.03
HBA	1999	4	16	14	25	0	365.03
HBA	1999	4	29	12	5	0	365.25
HBA	1999	4	29	12	5	0	365.24
HBA	1999	5	5	14	40	0	365.33
HBA	1999	5	5	14	40	0	365.26
HBA	1999	5	13	15	0	0	366.75
HBA	1999	5	13	15	0	0	376.53
HBA	1999	5	20	16	0	0	365.23
HBA	1999	5	20	16	0	0	365.14
HBA	1999	5	26	15	45	0	365.31
HBA	1999	5	26	15	45	0	365.31
HBA	1999	6	2	15	15	0	365.16
HBA	1999	6	2	15	15	0	365.31
HBA	1999	6	10	14	40	0	365.44
HBA	1999	6	10	14	40	0	365.34
HBA	1999	6	16	18	20	0	365.39
HBA	1999	6	16	18	20	0	376.75
HBA	1999	6	24	9	35	0	365.46
HBA	1999	6	24	9	35	0	365.48
HBA	1999	7	1	9	45	0	365.72
HBA	1999	7	1	9	45	0	365.7
HBA	1999	7	8	11	35	0	367.23
HBA	1999	7	8	11	35	0	365.77
HBA	1999	7	14	16	20	0	365.67
HBA	1999	7	14	16	20	0	365.65
HBA	1999	7	23	9	45	0	365.83
HBA	1999	7	23	9	45	0	365.83
HBA	1999	7	29	15	15	0	365.96
HBA	1999	7	29	15	15	0	365.83
HBA	1999	8	5	10	0	0	366.08
HBA	1999	8	11	16	55	0	366.1
HBA	1999	8	11	16	55	0	366.01
HBA	1999	8	18	14	40	0	366.18
HBA	1999	8	18	14	40	0	366.16
HBA	1999	8	26	15	57	0	366.26
HBA	1999	8	26	15	57	0	366.26
HBA	1999	9	2	16	0	0	366.32
HBA	1999	9	2	16	0	0	366.31
HBA	1999	9	15	13	50	0	366.34
HBA	1999	9	15	13	50	0	366.37
HBA	1999	9	23	16	25	0	366.61
HBA	1999	9	23	16	25	0	366.57
HBA	1999	9	30	15	10	0	366.44
HBA	1999	9	30	15	10	0	366.64
HBA	1999	10	6	14	55	0	366.46
HBA	1999	10	6	14	55	0	366.3
HBA	1999	10	13	13	45	0	366.48
HBA	1999	10	13	13	45	0	366.34
HBA	1999	10	20	14	0	0	366.41
HBA	1999	10	20	14	0	0	366.23
HBA	1999	10	28	12	50	0	366.17
HBA	1999	10	28	12	50	0	366.33
HBA	1999	11	3	16	15	0	366.33
HBA	1999	11	3	16	15	0	366.47
HBA	1999	11	10	15	40	0	366.41
HBA	1999	11	10	15	40	0	366.33
HBA	1999	11	17	14	55	0	366.45
HBA	1999	11	17	14	55	0	366.52
HBA	1999	11	24	15	31	0	366.5
HBA	1999	11	24	15	31	0	366.39
HBA	1999	12	1	15	10	0	366.44
HBA	1999	12	1	15	10	0	366.3
HBA	1999	12	8	11	50	0	366.54
HBA	1999	12	8	11	50	0	366.34
HBA	1999	12	14	12	10	0	366.34
HBA	1999	12	14	12	10	0	366.41
HBA	1999	12	22	11	35	0	366.17
HBA	1999	12	22	11	35	0	366.24
HBA	1999	12	30	11	50	0	366.14
HBA	1999	12	30	11	50	0	366.13
HBA	2000	1	6	17	20	0	365.99
HBA	2000	1	6	17	20	0	365.96
HBA	2000	1	12	15	45	0	365.61
HBA	2000	1	12	15	45	0	365.57
HBA	2000	1	22	13	0	0	365.9
HBA	2000	1	22	13	0	0	365.88
HBA	2000	1	26	19	25	0	365.91
HBA	2000	1	26	19	25	0	365.85
HBA	2000	2	2	21	30	0	366.06
HBA	2000	2	2	21	30	0	374.56
HBA	2000	2	10	18	55	0	365.82
HBA	2000	2	10	18	55	0	365.8
HBA	2000	2	16	15	43	0	365.93
HBA	2000	2	16	15	43	0	365.93
HBA	2000	2	27	13	30	0	366.2
HBA	2000	2	27	13	30	0	366.12
HBA	2000	3	8	10	0	0	366.02
HBA	2000	3	8	10	0	0	366.13
HBA	2000	3	16	16	10	0	366.11
HBA	2000	3	16	16	10	0	366.06
HBA	2000	3	22	15	15	0	366.06
HBA	2000	3	22	15	15	0	366.05
HBA	2000	3	29	10	40	0	366.14
HBA	2000	3	29	10	40	0	366
HBA	2000	4	5	10	17	0	366.11
HBA	2000	4	5	10	17	0	366.12
HBA	2000	4	15	15	55	0	366.24
HBA	2000	4	15	15	55	0	366.13
HBA	2000	4	27	15	47	0	366.63
HBA	2000	4	27	15	47	0	366.46
HBA	2000	5	5	12	30	0	366.24
HBA	2000	5	5	12	30	0	366.22
HBA	2000	5	11	11	45	0	366.3
HBA	2000	5	11	11	45	0	366.27
HBA	2000	5	18	12	25	0	366.24
HBA	2000	5	18	12	25	0	366.23
HBA	2000	5	27	21	30	0	366.16
HBA	2000	5	27	21	30	0	366.15
HBA	2000	5	31	10	30	0	366.46
HBA	2000	5	31	10	30	0	366.36
HBA	2000	6	8	11	35	0	366.54
HBA	2000	6	8	11	35	0	366.48
HBA	2000	6	14	17	45	0	366.56
HBA	2000	6	14	17	45	0	366.53
HBA	2000	6	23	14	30	0	366.5
HBA	2000	6	23	14	30	0	366.52
HBA	2000	6	28	17	15	0	366.6
HBA	2000	6	28	17	15	0	366.62
HBA	2000	7	9	21	25	0	367.58
HBA	2000	7	9	21	25	0	366.81
HBA	2000	7	12	11	50	0	366.83
HBA	2000	7	12	11	50	0	366.81
HBA	2000	7	27	11	30	0	367.33
HBA	2000	7	27	11	30	0	367.04
HBA	2000	8	2	12	30	0	367.07
HBA	2000	8	2	12	30	0	367.06
HBA	2000	8	9	11	15	0	367.4
HBA	2000	8	9	11	15	0	367.24
HBA	2000	8	17	11	45	0	367.36
HBA	2000	8	17	11	45	0	367.26
HBA	2000	8	23	15	30	0	367.61
HBA	2000	8	23	15	30	0	367.42
HBA	2000	9	3	15	11	0	367.4
HBA	2000	9	3	15	11	0	366.85
HBA	2000	9	7	14	45	0	367.41
HBA	2000	9	7	14	45	0	367.45
HBA	2000	9	18	15	17	0	367.48
HBA	2000	9	18	15	17	0	367.48
HBA	2000	9	22	15	12	0	367.48
HBA	2000	9	22	15	12	0	367.47
HBA	2000	9	29	18	20	0	367.76
HBA	2000	9	29	18	20	0	367.84
HBA	2000	10	4	20	15	0	367.68
HBA	2000	10	4	20	15	0	367.7
HBA	2000	10	12	16	30	0	367.64
HBA	2000	10	12	16	30	0	367.61
HBA	2000	10	19	13	45	0	367.64
HBA	2000	10	19	13	45	0	367.59
HBA	2000	10	26	16	30	0	367.63
HBA	2000	10	26	16	30	0	367.67
HBA	2000	11	1	21	50	0	367.74
HBA	2000	11	1	21	50	0	367.7
HBA	2000	11	8	15	5	0	367.72
HBA	2000	11	8	15	5	0	367.76
HBA	2000	11	15	12	27	0	367.81
HBA	2000	11	15	12	27	0	367.75
HBA	2000	11	22	15	5	0	367.78
HBA	2000	11	22	15	5	0	367.87
HBA	2000	11	29	19	35	0	367.62
HBA	2000	11	29	19	35	0	367.66
HBA	2000	12	6	21	50	0	367.66
HBA	2000	12	6	21	50	0	367.63
HBA	2000	12	12	20	25	0	367.67
HBA	2000	12	12	20	25	0	367.67
HBA	2000	12	20	12	45	0	367.48
HBA	2000	12	20	12	45	0	367.57
HBA	2000	12	28	21	15	0	367.28
HBA	2000	12	28	21	15	0	367.1
HBA	2001	1	9	11	15	0	367.43
HBA	2001	1	9	11	15	0	367.41
HBA	2001	1	12	18	45	0	367.32
HBA	2001	1	12	18	45	0	367.39
HBA	2001	1	21	17	10	0	367.35
HBA	2001	1	21	17	10	0	367.37
HBA	2001	1	27	17	40	0	367.33
HBA	2001	1	27	17	40	0	367.3
HBA	2001	1	31	16	35	0	367.24
HBA	2001	1	31	16	35	0	367.2
HBA	2001	2	8	13	25	0	367.11
HBA	2001	2	8	13	25	0	367.36
HBA	2001	2	14	15	30	0	367.08
HBA	2001	2	14	15	30	0	367.11
HBA	2001	2	21	16	25	0	367.35
HBA	2001	2	21	16	25	0	367.27
HBA	2001	2	28	18	25	0	367.1
HBA	2001	2	28	18	25	0	367.19
HBA	2001	3	7	15	45	0	367.41
HBA	2001	3	7	15	45	0	367.57
HBA	2001	3	15	15	30	0	367.4
HBA	2001	3	15	15	30	0	367.36
HBA	2001	3	24	16	20	0	367.44
HBA	2001	3	24	16	20	0	367.49
HBA	2001	3	28	14	30	0	367.35
HBA	2001	3	28	14	30	0	367.35
HBA	2001	4	4	11	30	0	367.61
HBA	2001	4	4	11	30	0	367.55
HBA	2001	4	11	14	40	0	367.43
HBA	2001	4	11	14	40	0	367.64
HBA	2001	4	19	10	10	0	367.76
HBA	2001	4	19	10	10	0	368.11
HBA	2001	4	25	17	30	0	367.8
HBA	2001	4	25	17	30	0	367.67
HBA	2001	5	5	16	45	0	367.92
HBA	2001	5	5	16	45	0	367.87
HBA	2001	5	9	15	40	0	367.97
HBA	2001	5	9	15	40	0	368.11
HBA	2001	5	23	9	35	0	367.96
HBA	2001	5	23	9	35	0	367.85
HBA	2001	6	1	15	45	0	368.2
HBA	2001	6	1	15	45	0	368.21
HBA	2001	6	8	10	50	0	368.26
HBA	2001	6	8	10	50	0	368.11
HBA	2001	6	13	12	40	0	368.34
HBA	2001	6	13	12	40	0	368.32
HBA	2001	6	21	12	40	0	368.24
HBA	2001	6	21	12	40	0	368.28
HBA	2001	7	1	23	50	0	368.47
HBA	2001	7	1	23	50	0	368.44
HBA	2001	7	6	14	30	0	368.81
HBA	2001	7	6	14	30	0	368.56
HBA	2001	7	11	9	45	0	368.63
HBA	2001	7	18	21	30	0	369.1
HBA	2001	7	18	21	30	0	368.95
HBA	2001	7	29	12	0	0	368.91
HBA	2001	7	29	12	0	0	369.92
HBA	2001	8	1	14	50	0	369
HBA	2001	8	1	14	50	0	368.93
HBA	2001	8	10	11	35	0	369.33
HBA	2001	8	10	11	35	0	369.35
HBA	2001	8	19	11	23	0	370.01
HBA	2001	8	19	11	23	0	369.36
HBA	2001	8	26	12	0	0	370.97
HBA	2001	8	26	12	0	0	371.31
HBA	2001	8	29	17	0	0	369.4
HBA	2001	8	29	17	0	0	369.66
HBA	2001	9	5	15	50	0	371.56
HBA	2001	9	5	15	50	0	369.72
HBA	2001	9	12	10	30	0	369.9
HBA	2001	9	12	10	30	0	369.82
HBA	2001	9	19	15	30	0	369.64
HBA	2001	9	19	15	30	0	369.77
HBA	2001	9	27	15	0	0	369.8
HBA	2001	9	27	15	0	0	369.74
HBA	2001	10	4	10	0	0	369.75
HBA	2001	10	4	10	0	0	369.83
HBA	2001	10	12	12	20	0	369.86
HBA	2001	10	12	12	20	0	369.93
HBA	2001	10	17	18	35	0	369.94
HBA	2001	10	17	18	35	0	369.98
HBA	2001	10	25	1	20	0	370.4
HBA	2001	10	25	1	20	0	370.01
HBA	2001	11	2	11	30	0	370.22
HBA	2001	11	2	11	30	0	370.3
HBA	2001	11	8	12	0	0	369.97
HBA	2001	11	8	12	0	0	370.15
HBA	2001	11	23	10	10	0	369.99
HBA	2001	11	23	10	10	0	369.96
HBA	2001	12	3	18	15	0	369.95
HBA	2001	12	3	18	15	0	370.44
HBA	2001	12	5	18	45	0	370.12
HBA	2001	12	5	18	45	0	370
HBA	2001	12	13	21	45	0	369.83
HBA	2001	12	13	21	45	0	369.69
HBA	2001	12	20	12	15	0	369.63
HBA	2001	12	20	12	15	0	369.76
HBA	2001	12	27	13	25	0	369.74
HBA	2001	12	27	13	25	0	369.73
HBA	2002	1	3	18	30	0	369.67
HBA	2002	1	3	18	30	0	369.66
HBA	2002	1	15	18	30	0	369.27
HBA	2002	1	15	18	30	0	369.18
HBA	2002	2	6	19	20	0	368.96
HBA	2002	2	6	19	20	0	369.21
HBA	2002	2	14	15	50	0	368.92
HBA	2002	2	14	15	50	0	368.92
HBA	2002	2	20	14	15	0	369.4
HBA	2002	2	20	14	15	0	369.28
HBA	2002	2	28	15	15	0	369.56
HBA	2002	2	28	15	15	0	369.5
HBA	2002	3	6	16	15	0	369.37
HBA	2002	3	6	16	15	0	369.37
HBA	2002	3	13	15	15	0	369.43
HBA	2002	3	13	15	15	0	369.39
HBA	2002	3	20	9	30	0	369.35
HBA	2002	3	20	9	30	0	369.37
HBA	2002	4	3	15	6	0	369.64
HBA	2002	4	3	15	6	0	369.75
HBA	2002	4	11	17	0	0	369.61
HBA	2002	4	11	17	0	0	369.57
HBA	2002	4	17	12	10	0	369.66
HBA	2002	4	17	12	10	0	369.64
HBA	2002	4	26	16	35	0	369.59
HBA	2002	4	26	16	35	0	369.65
HBA	2002	5	1	11	20	0	369.77
HBA	2002	5	1	11	20	0	369.63
HBA	2002	5	8	12	30	0	369.94
HBA	2002	5	8	12	30	0	369.86
HBA	2002	5	15	10	45	0	369.9
HBA	2002	5	15	10	45	0	369.93
HBA	2002	5	24	12	5	0	369.95
HBA	2002	5	24	12	5	0	369.8
HBA	2002	5	30	13	52	0	370.2
HBA	2002	5	30	13	52	0	370.12
HBA	2002	6	7	15	50	0	370.15
HBA	2002	6	7	15	50	0	370.18
HBA	2002	6	13	17	25	0	370.36
HBA	2002	6	13	17	25	0	370.31
HBA	2002	6	19	13	45	0	370.39
HBA	2002	6	19	13	45	0	370.37
HBA	2002	6	26	14	25	0	370.65
HBA	2002	6	26	14	25	0	370.39
HBA	2002	7	7	17	20	0	370.53
HBA	2002	7	7	17	20	0	370.51
HBA	2002	7	10	12	15	0	370.76
HBA	2002	7	10	12	15	0	370.62
HBA	2002	7	17	11	15	0	370.83
HBA	2002	7	17	11	15	0	377.01
HBA	2002	7	25	12	0	0	371.07
HBA	2002	7	25	12	0	0	371.04
HBA	2002	7	31	11	45	0	371.06
HBA	2002	7	31	11	45	0	371.05
HBA	2002	8	8	15	25	0	371.12
HBA	2002	8	8	15	25	0	371.13
HBA	2002	8	16	11	15	0	371.22
HBA	2002	8	16	11	15	0	371.33
HBA	2002	8	23	12	25	0	371.64
HBA	2002	8	23	12	25	0	371.6
HBA	2002	8	29	10	55	0	371.61
HBA	2002	8	29	10	55	0	376.37
HBA	2002	9	5	14	10	0	371.57
HBA	2002	9	11	14	45	0	371.69
HBA	2002	9	11	14	45	0	371.72
HBA	2002	9	25	11	15	0	371.84
HBA	2002	9	25	11	15	0	371.92
HBA	2002	10	2	11	0	0	371.91
HBA	2002	10	2	11	0	0	371.87
HBA	2002	10	9	11	40	0	371.9
HBA	2002	10	9	11	40	0	371.89
HBA	2002	10	16	11	15	0	371.87
HBA	2002	10	16	11	15	0	371.88
HBA	2002	10	27	9	50	0	372.03
HBA	2002	10	27	9	50	0	371.92
HBA	2002	10	30	10	5	0	371.96
HBA	2002	10	30	10	5	0	371.84
HBA	2002	11	6	11	10	0	371.95
HBA	2002	11	6	11	10	0	371.92
HBA	2002	11	20	9	55	0	371.94
HBA	2002	11	20	9	55	0	371.9
HBA	2002	11	27	14	45	0	372.03
HBA	2002	11	27	14	45	0	371.9
HBA	2002	12	5	17	55	0	371.93
HBA	2002	12	5	17	55	0	371.94
HBA	2002	12	11	14	50	0	371.94
HBA	2002	12	11	14	50	0	371.93
HBA	2002	12	19	14	30	0	371.8
HBA	2002	12	19	14	30	0	371.84
HBA	2002	12	25	14	55	0	371.84
HBA	2002	12	25	14	55	0	371.72
HBA	2003	1	2	11	40	0	371.71
HBA	2003	1	2	11	40	0	371.78
HBA	2003	1	8	13	25	0	371.73
HBA	2003	1	8	13	25	0	371.69
HBA	2003	1	22	21	15	0	371.28
HBA	2003	1	22	21	15	0	371.32
HBA	2003	1	30	13	30	0	371.78
HBA	2003	1	30	13	30	0	371.8
HBA	2003	2	13	12	50	0	371.71
HBA	2003	2	13	12	50	0	371.67
HBA	2003	2	19	18	30	0	371.5
HBA	2003	2	19	18	30	0	371.52
HBA	2003	2	26	14	10	0	370.86
HBA	2003	2	26	14	10	0	370.92
HBA	2003	3	5	14	25	0	371.93
HBA	2003	3	5	14	25	0	371.88
HBA	2003	3	13	14	45	0	371.59
HBA	2003	3	13	14	45	0	371.52
HBA	2003	3	19	14	55	0	371.51
HBA	2003	3	19	14	55	0	371.71
HBA	2003	3	26	14	10	0	371.8
HBA	2003	3	26	14	10	0	371.79
HBA	2003	4	2	12	55	0	371.8
HBA	2003	4	2	12	55	0	371.77
HBA	2003	4	9	13	45	0	372.02
HBA	2003	4	9	13	45	0	372.08
HBA	2003	4	16	11	35	0	371.94
HBA	2003	4	16	11	35	0	371.98
HBA	2003	4	30	13	40	0	372.28
HBA	2003	5	7	9	30	0	372.47
HBA	2003	5	7	9	30	0	372.28
HBA	2003	5	15	14	41	0	372.31
HBA	2003	5	15	14	41	0	372.68
HBA	2003	5	22	11	20	0	372.47
HBA	2003	5	22	11	20	0	372.42
HBA	2003	5	28	13	0	0	372.61
HBA	2003	5	28	13	0	0	472.68
HBA	2003	6	14	14	15	0	372.55
HBA	2003	6	14	14	15	0	397.07
HBA	2003	6	23	10	55	0	372.87
HBA	2003	6	23	10	55	0	372.84
HBA	2003	6	26	9	40	0	373
HBA	2003	6	26	9	40	0	372.71
HBA	2003	7	5	11	5	0	372.76
HBA	2003	7	5	11	5	0	372.98
HBA	2003	7	10	12	20	0	372.89
HBA	2003	7	16	18	0	0	373.06
HBA	2003	7	16	18	0	0	373.08
HBA	2003	7	23	11	28	0	373.3
HBA	2003	7	23	11	28	0	373.24
HBA	2003	7	30	14	55	0	373.23
HBA	2003	8	13	9	20	0	373.55
HBA	2003	8	20	11	47	0	373.62
HBA	2003	8	27	9	20	0	373.84
HBA	2003	8	27	9	20	0	373.85
HBA	2003	9	3	10	5	0	374.14
HBA	2003	9	3	10	5	0	373.86
HBA	2003	9	10	10	36	0	373.82
HBA	2003	9	10	10	36	0	373.87
HBA	2003	9	17	11	15	0	374.03
HBA	2003	9	17	11	15	0	373.91
HBA	2003	9	26	9	30	0	373.91
HBA	2003	9	26	9	30	0	373.96
HBA	2003	10	2	15	20	0	373.67
HBA	2003	10	2	15	20	0	373.82
HBA	2003	10	8	10	50	0	377.8
HBA	2003	10	8	10	50	0	374.03
HBA	2003	10	18	14	10	0	373.86
HBA	2003	10	18	14	10	0	373.93
HBA	2003	10	23	13	37	0	374.01
HBA	2003	10	23	13	37	0	374.05
HBA	2003	10	29	9	40	0	373.73
HBA	2003	10	29	9	40	0	373.75
HBA	2003	11	5	8	45	0	373.85
HBA	2003	11	5	8	45	0	373.86
HBA	2003	11	13	11	37	0	373.99
HBA	2003	11	13	11	37	0	373.82
HBA	2003	11	20	15	24	0	373.85
HBA	2003	11	20	15	24	0	373.93
HBA	2003	11	26	10	5	0	373.74
HBA	2003	11	26	10	5	0	373.84
HBA	2003	12	3	11	30	0	373.91
HBA	2003	12	3	11	30	0	373.97
HBA	2003	12	10	17	30	0	373.94
HBA	2003	12	10	17	30	0	373.84
HBA	2003	12	17	20	55	0	373.72
HBA	2003	12	17	20	55	0	373.72
HBA	2003	12	23	14	0	0	373.78
HBA	2003	12	23	14	0	0	373.81
HBA	2003	12	31	16	10	0	373.91
HBA	2003	12	31	16	10	0	373.84
HBA	2004	1	7	17	15	0	373.88
HBA	2004	1	7	17	15	0	373.94
HBA	2004	1	15	11	51	0	373.84
HBA	2004	1	15	11	51	0	373.83
HBA	2004	1	21	17	30	0	373.34
HBA	2004	1	21	17	30	0	373.35
HBA	2004	1	28	12	30	0	373.72
HBA	2004	1	28	12	30	0	373.55
HBA	2004	2	6	14	13	0	373.33
HBA	2004	2	6	14	13	0	373.35
HBA	2004	2	11	14	25	0	373.5
HBA	2004	2	11	14	25	0	373.53
HBA	2004	2	18	17	20	0	373.26
HBA	2004	2	18	17	20	0	373.13
HBA	2004	2	25	10	0	0	373.68
HBA	2004	2	25	10	0	0	373.73
HBA	2004	3	3	15	5	0	373.6
HBA	2004	3	3	15	5	0	373.59
HBA	2004	3	10	11	40	0	373.65
HBA	2004	3	10	11	40	0	373.62
HBA	2004	3	17	14	45	0	374.02
HBA	2004	3	17	14	45	0	373.74
HBA	2004	3	24	10	10	0	373.95
HBA	2004	3	24	10	10	0	373.98
HBA	2004	3	31	10	34	0	374.23
HBA	2004	3	31	10	34	0	374.12
HBA	2004	4	10	16	20	0	373.95
HBA	2004	4	10	16	20	0	373.98
HBA	2004	4	14	12	15	0	373.84
HBA	2004	4	14	12	15	0	373.95
HBA	2004	4	21	16	30	0	374
HBA	2004	4	21	16	30	0	373.97
HBA	2004	4	29	12	52	0	374.03
HBA	2004	4	29	12	52	0	386.91
HBA	2004	5	14	10	10	0	374.22
HBA	2004	5	14	10	10	0	374.22
HBA	2004	5	19	9	37	0	374.38
HBA	2004	5	19	9	37	0	374.15
HBA	2004	5	27	14	55	0	374.36
HBA	2004	5	27	14	55	0	374.4
HBA	2004	6	2	16	15	0	374.36
HBA	2004	6	2	16	15	0	384.92
HBA	2004	6	12	11	10	0	374.63
HBA	2004	6	12	11	10	0	374.62
HBA	2004	6	16	16	45	0	374.65
HBA	2004	6	16	16	45	0	374.68
HBA	2004	6	25	16	20	0	374.82
HBA	2004	6	25	16	20	0	374.89
HBA	2004	7	5	10	45	0	374.9
HBA	2004	7	5	10	45	0	374.83
HBA	2004	7	7	11	50	0	374.87
HBA	2004	7	7	11	50	0	374.89
HBA	2004	7	14	10	20	0	374.99
HBA	2004	7	14	10	20	0	377.96
HBA	2004	7	24	11	2	0	375.16
HBA	2004	7	24	11	2	0	375.08
HBA	2004	7	31	12	30	0	375.37
HBA	2004	7	31	12	30	0	375.41
HBA	2004	8	8	12	0	0	375.55
HBA	2004	8	8	12	0	0	375.53
HBA	2004	8	12	12	10	0	375.38
HBA	2004	8	18	12	45	0	375.59
HBA	2004	8	18	12	45	0	375.5
HBA	2004	8	27	9	23	0	375.74
HBA	2004	9	4	11	10	0	375.6
HBA	2004	9	4	11	10	0	375.58
HBA	2004	9	9	11	0	0	375.72
HBA	2004	9	9	11	0	0	375.76
HBA	2004	9	22	11	6	0	375.73
HBA	2004	9	22	11	6	0	375.72
HBA	2004	10	13	10	37	0	375.7
HBA	2004	10	13	10	37	0	375.65
HBA	2004	10	21	14	27	0	375.74
HBA	2004	10	21	14	27	0	375.77
HBA	2004	10	28	11	45	0	375.75
HBA	2004	10	28	11	45	0	375.73
HBA	2004	10	29	10	35	0	375.69
HBA	2004	10	29	10	35	0	375.7
HBA	2004	11	3	15	2	0	375.85
HBA	2004	11	3	15	2	0	375.79
HBA	2004	11	12	16	2	0	375.87
HBA	2004	11	12	16	2	0	375.73
HBA	2004	11	17	14	43	0	375.81
HBA	2004	11	17	14	43	0	375.81
HBA	2004	11	25	9	30	0	375.73
HBA	2004	11	25	9	30	0	375.79
HBA	2004	12	1	14	23	0	375.46
HBA	2004	12	1	14	23	0	375.56
HBA	2004	12	8	13	15	0	375.79
HBA	2004	12	8	13	15	0	375.71
HBA	2004	12	15	17	5	0	375.45
HBA	2004	12	15	17	5	0	375.3
HBA	2004	12	23	9	17	0	375.58
HBA	2004	12	23	9	17	0	375.55
HBA	2004	12	29	12	25	0	375.42
HBA	2004	12	29	12	25	0	375.41
HBA	2005	1	6	12	39	0	375.5
HBA	2005	1	6	12	39	0	375.43
HBA	2005	1	13	13	25	0	375.4
HBA	2005	1	13	13	25	0	375.46
HBA	2005	1	19	18	10	0	375.13
HBA	2005	1	19	18	10	0	375.12
HBA	2005	1	26	12	13	0	375.23
HBA	2005	1	26	12	13	0	375.28
HBA	2005	2	3	14	24	0	375.31
HBA	2005	2	3	14	24	0	375.32
HBA	2005	2	9	17	45	0	375.02
HBA	2005	2	9	17	45	0	374.97
HBA	2005	2	16	13	35	0	375.4
HBA	2005	2	16	13	35	0	375.44
HBA	2005	3	2	14	46	0	374.71
HBA	2005	3	2	14	46	0	381.12
HBA	2005	3	9	16	45	0	375.54
HBA	2005	3	9	16	45	0	375.41
HBA	2005	3	17	11	5	0	375.32
HBA	2005	3	17	11	5	0	375.3
HBA	2005	3	30	17	40	0	375.28
HBA	2005	3	30	17	40	0	375.21
HBA	2005	4	6	18	10	0	375.58
HBA	2005	4	6	18	10	0	375.54
HBA	2005	4	13	15	28	0	375.73
HBA	2005	4	13	15	28	0	375.7
HBA	2005	4	20	12	34	56	375.69
HBA	2005	4	20	12	34	56	375.67
HBA	2005	4	29	11	35	0	375.94
HBA	2005	4	29	11	35	0	375.85
HBA	2005	5	4	15	55	0	376.05
HBA	2005	5	4	15	55	0	376
HBA	2005	5	11	12	25	0	376.19
HBA	2005	5	11	12	25	0	376.23
HBA	2005	5	18	17	55	0	376.35
HBA	2005	5	18	17	55	0	376.22
HBA	2005	5	25	16	35	0	376.3
HBA	2005	5	25	16	35	0	376.25
HBA	2005	6	1	15	30	0	376.31
HBA	2005	6	1	15	30	0	376.25
HBA	2005	6	10	12	48	0	376.68
HBA	2005	6	10	12	48	0	376.66
HBA	2005	6	15	14	35	0	376.78
HBA	2005	6	15	14	35	0	376.67
HBA	2005	6	22	19	30	0	376.88
HBA	2005	6	22	19	30	0	376.91
HBA	2005	6	30	9	46	0	376.93
HBA	2005	6	30	9	46	0	376.89
HBA	2005	7	6	16	50	0	377.19
HBA	2005	7	6	16	50	0	377.07
HBA	2005	7	15	14	20	0	377.13
HBA	2005	7	15	14	20	0	377.19
HBA	2005	7	21	11	23	0	377.39
HBA	2005	7	21	11	23	0	377.33
HBA	2005	7	27	15	45	0	377.43
HBA	2005	7	27	15	45	0	377.35
HBA	2005	8	3	17	20	0	377.54
HBA	2005	8	3	17	20	0	377.54
HBA	2005	8	10	16	40	0	377.63
HBA	2005	8	10	16	40	0	377.67
HBA	2005	8	21	14	46	0	377.75
HBA	2005	8	21	14	46	0	377.78
HBA	2005	8	24	11	10	0	377.63
HBA	2005	8	24	11	10	0	377.76
HBA	2005	8	31	14	25	0	378
HBA	2005	9	7	14	28	0	377.94
HBA	2005	9	7	14	28	0	377.95
HBA	2005	9	14	12	10	0	377.91
HBA	2005	9	14	12	10	0	377.87
HBA	2005	9	21	18	13	0	378
HBA	2005	9	21	18	13	0	377.95
HBA	2005	9	28	11	15	0	378.02
HBA	2005	9	28	11	15	0	377.97
HBA	2005	10	6	12	25	0	378.11
HBA	2005	10	6	12	25	0	378.13
HBA	2005	10	13	14	15	0	377.86
HBA	2005	10	13	14	15	0	377.9
HBA	2005	10	20	10	30	0	378.03
HBA	2005	10	20	10	30	0	378
HBA	2005	10	26	14	52	0	378.05
HBA	2005	10	26	14	52	0	378.06
HBA	2005	11	2	15	15	0	378.05
HBA	2005	11	2	15	15	0	377.94
HBA	2005	11	10	21	0	0	378.06
HBA	2005	11	10	21	0	0	379.95
HBA	2005	11	16	11	30	0	377.99
HBA	2005	11	16	11	30	0	378.15
HBA	2005	11	23	11	40	0	377.9
HBA	2005	11	23	11	40	0	377.89
HBA	2005	11	30	17	10	0	377.95
HBA	2005	11	30	17	10	0	377.93
HBA	2005	12	7	13	36	0	377.93
HBA	2005	12	7	13	36	0	377.94
HBA	2005	12	13	15	37	0	377.87
HBA	2005	12	13	15	37	0	378.11
HBA	2005	12	21	19	30	0	377.66
HBA	2005	12	21	19	30	0	377.62
HBA	2005	12	28	22	16	0	377.8
HBA	2005	12	28	22	16	0	377.81
HBA	2006	1	4	15	0	0	378.02
HBA	2006	1	4	15	0	0	378.04
HBA	2006	1	11	20	33	0	377.23
HBA	2006	1	18	19	8	0	377.58
HBA	2006	1	18	19	8	0	377.62
HBA	2006	1	25	18	46	0	377.35
HBA	2006	1	25	18	46	0	377.25
HBA	2006	2	3	15	20	0	377.15
HBA	2006	2	3	15	20	0	377.18
HBA	2006	2	8	20	35	0	377.66
HBA	2006	2	8	20	35	0	377.59
HBA	2006	2	16	14	27	0	377.41
HBA	2006	2	16	14	27	0	377.47
HBA	2006	2	22	12	54	0	377.39
HBA	2006	2	22	12	54	0	377.33
HBA	2006	3	6	17	45	0	377.72
HBA	2006	3	6	17	45	0	377.69
HBA	2006	3	10	16	8	0	393.12
HBA	2006	3	10	16	8	0	377.79
HBA	2006	3	17	12	50	0	377.73
HBA	2006	3	17	12	50	0	377.75
HBA	2006	3	22	14	29	0	377.57
HBA	2006	3	22	14	29	0	377.54
HBA	2006	3	29	10	5	0	377.83
HBA	2006	3	29	10	5	0	377.77
HBA	2006	4	5	14	30	0	377.92
HBA	2006	4	5	14	30	0	377.86
HBA	2006	4	13	16	45	0	377.77
HBA	2006	4	13	16	45	0	377.77
HBA	2006	4	21	12	5	0	377.84
HBA	2006	4	21	12	5	0	377.81
HBA	2006	4	27	12	50	0	377.93
HBA	2006	4	27	12	50	0	377.94
HBA	2006	5	4	15	40	0	377.99
HBA	2006	5	4	15	40	0	377.97
HBA	2006	5	12	13	10	0	378.16
HBA	2006	5	12	13	10	0	378.14
HBA	2006	5	17	17	40	0	378.29
HBA	2006	5	17	17	40	0	378.19
HBA	2006	5	24	11	34	0	378.23
HBA	2006	5	24	11	34	0	378.22
HBA	2006	5	31	15	40	0	378.41
HBA	2006	5	31	15	40	0	378.25
HBA	2006	6	9	15	15	0	378.44
HBA	2006	6	9	15	15	0	378.42
HBA	2006	6	14	17	15	0	378.43
HBA	2006	6	14	17	15	0	378.38
HBA	2006	6	23	14	40	0	378.58
HBA	2006	6	23	14	40	0	378.49
HBA	2006	6	30	17	45	0	378.57
HBA	2006	6	30	17	45	0	378.67
HBA	2006	7	9	14	50	0	378.66
HBA	2006	7	9	14	50	0	378.66
HBA	2006	7	13	15	10	0	378.81
HBA	2006	7	13	15	10	0	378.79
HBA	2006	7	19	15	20	0	378.72
HBA	2006	7	19	15	20	0	378.74
HBA	2006	7	27	17	50	0	378.95
HBA	2006	7	27	17	50	0	379.04
HBA	2006	8	2	18	20	0	379.12
HBA	2006	8	2	18	20	0	379.07
HBA	2006	8	10	14	30	0	379.11
HBA	2006	8	10	14	30	0	379.08
HBA	2006	8	16	14	41	0	379.68
HBA	2006	8	16	14	41	0	379.11
HBA	2006	8	23	12	47	0	379.3
HBA	2006	8	23	12	47	0	379.22
HBA	2006	8	31	17	20	0	379.29
HBA	2006	8	31	17	20	0	379.28
HBA	2006	9	6	17	56	0	379.42
HBA	2006	9	6	17	56	0	379.3
HBA	2006	9	15	15	24	0	379.27
HBA	2006	9	15	15	24	0	379.38
HBA	2006	9	23	18	23	0	379.56
HBA	2006	9	23	18	23	0	379.54
HBA	2006	9	27	14	26	0	379.58
HBA	2006	9	27	14	26	0	379.51
HBA	2006	10	4	17	20	0	379.53
HBA	2006	10	4	17	20	0	379.65
HBA	2006	10	12	11	40	0	379.54
HBA	2006	10	12	11	40	0	379.54
HBA	2006	10	19	16	40	0	379.49
HBA	2006	10	19	16	40	0	379.44
HBA	2006	10	25	17	9	0	379.55
HBA	2006	10	25	17	9	0	379.56
HBA	2006	11	2	17	50	0	379.98
HBA	2006	11	2	17	50	0	379.69
HBA	2006	11	9	17	35	0	379.57
HBA	2006	11	9	17	35	0	379.52
HBA	2006	11	16	17	20	0	379.66
HBA	2006	11	16	17	20	0	379.55
HBA	2006	11	22	16	0	0	379.51
HBA	2006	11	22	16	0	0	379.5
HBA	2006	12	3	21	30	0	379.51
HBA	2006	12	3	21	30	0	379.44
HBA	2006	12	6	21	45	0	379.53
HBA	2006	12	6	21	45	0	379.52
HBA	2006	12	18	19	30	0	379.36
HBA	2006	12	18	19	30	0	379.33
HBA	2006	12	20	20	55	0	379.53
HBA	2007	1	4	19	0	0	379.12
HBA	2007	1	4	19	0	0	379.25
HBA	2007	1	11	14	35	0	379.05
HBA	2007	1	11	14	35	0	379.04
HBA	2007	1	18	15	40	0	379.48
HBA	2007	1	18	15	40	0	379.43
HBA	2007	1	25	15	33	0	379.16
HBA	2007	1	25	15	33	0	379.18
HBA	2007	1	31	14	31	0	379.38
HBA	2007	1	31	14	31	0	379.35
HBA	2007	2	7	21	6	0	379.56
HBA	2007	2	7	21	6	0	379.41
HBA	2007	2	16	15	30	0	379.39
HBA	2007	2	16	15	30	0	379.16
HBA	2007	3	8	9	30	0	379.42
HBA	2007	3	8	9	30	0	379.37
HBA	2007	3	14	16	20	0	379.45
HBA	2007	3	14	16	20	0	379.48
HBA	2007	3	22	10	0	0	379.62
HBA	2007	3	22	10	0	0	378.2
HBA	2007	3	30	15	55	0	379.67
HBA	2007	3	30	15	55	0	379.67
HBA	2007	4	4	11	10	0	379.63
HBA	2007	4	4	11	10	0	379.66
HBA	2007	4	11	17	5	0	380.29
HBA	2007	4	11	17	5	0	379.99
HBA	2007	4	20	14	30	0	379.72
HBA	2007	4	20	14	30	0	379.71
HBA	2007	5	3	14	30	0	380.19
HBA	2007	5	9	14	45	0	380.05
HBA	2007	5	9	14	45	0	380.06
HBA	2007	5	21	12	30	0	380.18
HBA	2007	5	21	12	30	0	380.21
HBA	2007	5	25	14	40	0	380.23
HBA	2007	5	25	14	40	0	380.17
HBA	2007	6	14	11	59	0	380.68
HBA	2007	6	14	11	59	0	380.06
HBA	2007	6	30	14	58	0	380.68
HBA	2007	6	30	14	58	0	380.61
HBA	2007	7	4	15	10	0	380.88
HBA	2007	7	4	15	10	0	380.65
HBA	2007	7	10	15	23	0	380.73
HBA	2007	7	10	15	23	0	380.79
HBA	2007	7	18	15	46	0	380.96
HBA	2007	7	18	15	46	0	380.78
HBA	2007	7	25	17	29	0	381.22
HBA	2007	7	25	17	29	0	380.93
HBA	2007	7	31	16	23	0	381.56
HBA	2007	7	31	16	23	0	381.41
HBA	2007	8	9	12	49	0	381.28
HBA	2007	8	9	12	49	0	381.52
HBA	2007	8	15	16	26	0	381.47
HBA	2007	8	15	16	26	0	381.47
HBA	2007	8	22	15	45	0	381.4
HBA	2007	8	30	11	58	0	381.66
HBA	2007	8	30	11	58	0	381.53
HBA	2007	9	7	16	50	0	381.61
HBA	2007	9	7	16	50	0	381.53
HBA	2007	9	14	9	53	0	381.73
HBA	2007	9	14	9	53	0	381.68
HBA	2007	9	20	12	32	0	381.74
HBA	2007	9	20	12	32	0	381.76
HBA	2007	9	29	16	21	0	381.72
HBA	2007	9	29	16	21	0	381.73
HBA	2007	10	3	15	48	0	381.73
HBA	2007	10	3	15	48	0	381.71
HBA	2007	10	12	15	49	0	381.88
HBA	2007	10	12	15	49	0	381.83
HBA	2007	10	25	16	4	0	381.7
HBA	2007	10	25	16	4	0	381.77
HBA	2007	11	7	18	18	0	381.86
HBA	2007	11	7	18	18	0	381.93
HBA	2007	11	14	17	1	0	381.81
HBA	2007	11	14	17	1	0	381.82
HBA	2007	11	21	12	8	0	381.8
HBA	2007	11	21	12	8	0	381.77
HBA	2007	11	28	13	24	0	381.83
HBA	2007	11	28	13	24	0	382.07
HBA	2007	12	1	16	36	0	381.8
HBA	2007	12	1	16	36	0	396.02
HBA	2007	12	5	14	20	0	381.85
HBA	2007	12	5	14	20	0	381.98
HBA	2007	12	13	18	45	0	381.89
HBA	2007	12	13	18	45	0	381.76
HBA	2007	12	20	17	15	0	381.89
HBA	2007	12	20	17	15	0	381.88
HBA	2007	12	26	22	2	0	381.85
HBA	2007	12	26	22	2	0	381.78
HBA	2008	1	2	21	42	0	381.87
HBA	2008	1	2	21	42	0	381.85
HBA	2008	1	10	15	50	0	382.03
HBA	2008	1	10	15	50	0	381.88
HBA	2008	1	18	14	27	0	381.7
HBA	2008	1	18	14	27	0	381.75
HBA	2008	1	24	14	40	0	381.83
HBA	2008	1	24	14	40	0	381.84
HBA	2008	1	31	15	40	0	381.45
HBA	2008	1	31	15	40	0	381.45
HBA	2008	2	6	17	43	0	381.82
HBA	2008	2	6	17	43	0	381.81
HBA	2008	2	13	14	40	0	381.68
HBA	2008	2	22	14	39	0	381.54
HBA	2008	2	22	14	39	0	381.55
HBA	2008	2	29	14	18	0	381.8
HBA	2008	2	29	14	18	0	381.64
HBA	2008	3	5	18	38	0	381.67
HBA	2008	3	5	18	38	0	381.7
HBA	2008	3	12	15	48	0	381.82
HBA	2008	3	12	15	48	0	381.75
HBA	2008	3	19	14	50	0	382.01
HBA	2008	3	19	14	50	0	382.04
HBA	2008	3	26	17	17	0	381.93
HBA	2008	3	26	17	17	0	381.82
HBA	2008	4	2	14	40	0	382.12
HBA	2008	4	2	14	40	0	381.95
HBA	2008	4	9	16	5	0	382.01
HBA	2008	4	9	16	5	0	381.91
HBA	2008	4	17	11	25	0	381.82
HBA	2008	4	17	11	25	0	381.79
HBA	2008	4	23	15	45	0	381.96
HBA	2008	4	23	15	45	0	381.92
HBA	2008	5	8	11	50	0	382
HBA	2008	5	8	11	50	0	381.95
HBA	2008	5	14	12	48	0	382.06
HBA	2008	5	14	12	48	0	382.02
HBA	2008	5	21	12	45	0	382.03
HBA	2008	5	21	12	45	0	382.04
HBA	2008	5	28	11	32	0	382.13
HBA	2008	5	28	11	32	0	382.11
HBA	2008	6	5	11	2	0	382.17
HBA	2008	6	5	11	2	0	382.16
HBA	2008	6	11	15	40	0	382.19
HBA	2008	6	11	15	40	0	382.22
HBA	2008	7	2	11	45	0	382.54
HBA	2008	7	2	11	45	0	382.5
HBA	2008	7	9	11	40	0	382.75
HBA	2008	7	9	11	40	0	382.7
HBA	2008	7	16	10	50	0	382.78
HBA	2008	7	16	10	50	0	382.74
HBA	2008	7	23	10	13	0	382.86
HBA	2008	7	23	10	13	0	382.8
HBA	2008	7	31	11	33	0	383.19
HBA	2008	7	31	11	33	0	383.16
HBA	2008	8	7	11	17	0	383.16
HBA	2008	8	7	11	17	0	383.12
HBA	2008	8	21	9	47	0	383.32
HBA	2008	8	21	9	47	0	383.35
HBA	2008	8	27	15	55	0	383.41
HBA	2008	8	27	15	55	0	383.42
HBA	2008	9	4	16	38	0	383.63
HBA	2008	9	4	16	38	0	383.64
HBA	2008	9	11	14	57	0	383.57
HBA	2008	9	11	14	57	0	383.6
HBA	2008	9	18	11	23	0	383.55
HBA	2008	9	18	11	23	0	383.56
HBA	2008	9	23	10	3	0	383.8
HBA	2008	9	23	10	3	0	383.67
HBA	2008	10	1	17	16	0	383.68
HBA	2008	10	1	17	16	0	383.65
HBA	2008	10	9	10	13	0	383.73
HBA	2008	10	9	10	13	0	383.81
HBA	2008	10	15	10	10	0	383.63
HBA	2008	10	15	10	10	0	383.67
HBA	2008	10	22	14	43	0	383.56
HBA	2008	10	22	14	43	0	383.57
HBA	2008	10	30	10	5	0	383.94
HBA	2008	10	30	10	5	0	383.78
HBA	2008	11	6	14	47	0	384
HBA	2008	11	6	14	47	0	383.67
HBA	2008	11	19	15	37	0	383.72
HBA	2008	11	19	15	37	0	383.67
HBA	2008	11	27	12	27	0	383.8
HBA	2008	11	27	12	27	0	383.73
HBA	2008	12	10	11	28	0	383.62
HBA	2008	12	10	11	28	0	383.66
HBA	2008	12	17	15	35	0	383.51
HBA	2008	12	17	15	35	0	383.53
HBA	2008	12	31	11	45	0	383.27
HBA	2008	12	31	11	45	0	383.14
HBA	2009	1	7	14	48	0	383.21
HBA	2009	1	7	14	48	0	383.16
HBA	2009	1	14	18	29	0	383.41
HBA	2009	1	14	18	29	0	383.44
HBA	2009	1	21	20	31	0	383.64
HBA	2009	1	21	20	31	0	383.53
HBA	2009	1	28	13	12	0	383.17
HBA	2009	1	28	13	12	0	383.14
HBA	2009	2	7	15	40	0	383.53
HBA	2009	2	7	15	40	0	383.37
HBA	2009	2	18	18	31	0	383.28
HBA	2009	2	18	18	31	0	383.22
HBA	2009	3	10	16	11	0	383.29
HBA	2009	3	10	16	11	0	383.73
HBA	2009	3	25	11	16	0	383.15
HBA	2009	3	25	11	16	0	383.22
HBA	2009	4	15	15	45	0	383.19
HBA	2009	4	15	15	45	0	383.43
HBA	2009	4	22	9	31	0	383.84
HBA	2009	4	22	9	31	0	383.73
HBA	2009	4	28	15	30	0	383.62
HBA	2009	4	28	15	30	0	383.56
HBA	2009	5	6	17	18	0	383.49
HBA	2009	5	6	17	18	0	383.5
HBA	2009	5	13	12	16	0	383.64
HBA	2009	5	13	12	16	0	383.6
HBA	2009	5	19	15	40	0	383.67
HBA	2009	5	19	15	40	0	383.64
HBA	2009	5	27	15	22	0	383.7
HBA	2009	5	27	15	22	0	383.69
HBA	2009	6	3	16	5	0	384.33
HBA	2009	6	3	16	5	0	384.18
HBA	2009	6	11	15	55	0	383.86
HBA	2009	6	11	15	55	0	383.77
HBA	2009	6	17	14	26	0	384.09
HBA	2009	6	17	14	26	0	384.01
HBA	2009	6	24	11	55	0	384.14
HBA	2009	6	24	11	55	0	384.11
HBA	2009	7	3	15	47	0	384.38
HBA	2009	7	3	15	47	0	384.15
HBA	2009	7	8	15	40	0	384.3
HBA	2009	7	8	15	40	0	384.39
HBA	2009	7	17	16	10	0	384.39
HBA	2009	7	17	16	10	0	384.45
HBA	2009	7	21	15	46	0	384.51
HBA	2009	7	21	15	46	0	384.47
HBA	2009	7	31	14	47	0	384.84
HBA	2009	7	31	14	47	0	385.36
HBA	2009	8	7	15	34	0	384.61
HBA	2009	8	7	15	34	0	384.75
HBA	2009	8	19	14	28	0	384.82
HBA	2009	8	19	14	28	0	384.8
HBA	2009	9	8	15	38	0	385.06
HBA	2009	9	8	15	38	0	-999.99
HBA	2009	9	8	15	38	0	384.93
HBA	2009	9	15	16	17	0	385.16
HBA	2009	9	15	16	17	0	385.2
HBA	2009	9	29	15	52	0	385.3
HBA	2009	9	29	15	52	0	385.33
HBA	2009	10	9	16	30	0	385.41
HBA	2009	10	9	16	30	0	385.19
HBA	2009	10	21	18	50	0	385.51
HBA	2009	10	21	18	50	0	385.53
HBA	2009	11	5	18	27	0	385.38
HBA	2009	11	5	18	27	0	385.34
HBA	2009	11	11	18	22	0	385.36
HBA	2009	11	11	18	22	0	385.32
HBA	2009	11	24	18	39	0	385.27
HBA	2009	11	24	18	39	0	385.2
HBA	2009	12	10	17	43	0	385.16
HBA	2009	12	10	17	43	0	385.11
HBA	2009	12	18	14	54	0	384.91
HBA	2009	12	18	14	54	0	384.89
HBA	2009	12	24	14	32	0	385.2
HBA	2009	12	24	14	32	0	385.05
HBA	2009	12	30	12	14	0	385.16
HBA	2009	12	30	12	14	0	385.09
HBA	2010	1	21	14	38	0	384.54
HBA	2010	1	21	14	38	0	384.55
HBA	2010	1	27	12	45	0	384.03
HBA	2010	1	27	12	45	0	384.06
HBA	2010	2	3	16	55	0	384.66
HBA	2010	2	3	16	55	0	384.46
HBA	2010	2	10	11	58	0	383.27
HBA	2010	2	10	11	58	0	383.29
HBA	2010	2	17	15	38	0	384.29
HBA	2010	2	17	15	38	0	384.19
HBA	2010	3	3	16	42	0	384.43
HBA	2010	3	3	16	42	0	384.37
HBA	2010	3	31	19	34	0	384.61
HBA	2010	3	31	19	34	0	384.56
HBA	2010	4	21	9	41	0	384.88
HBA	2010	4	21	9	41	0	384.81
HBA	2010	4	28	15	59	0	384.88
HBA	2010	4	28	15	59	0	385.02
HBA	2010	5	6	14	40	0	384.87
HBA	2010	5	6	14	40	0	384.95
HBA	2010	5	12	10	30	0	385.16
HBA	2010	5	12	10	30	0	385.19
HBA	2010	5	19	13	0	0	385.11
HBA	2010	5	19	13	0	0	384.58
HBA	2010	5	28	14	40	0	385.24
HBA	2010	5	28	14	40	0	385.26
HBA	2010	6	2	14	50	0	385.33
HBA	2010	6	2	14	50	0	385.34
HBA	2010	6	19	9	26	0	385.85
HBA	2010	6	19	9	26	0	385.8
HBA	2010	7	12	10	38	0	386.21
HBA	2010	7	12	10	38	0	386.12
HBA	2010	7	16	12	0	0	386.31
HBA	2010	7	16	12	0	0	386.23
HBA	2010	7	25	12	34	56	386.39
HBA	2010	7	25	12	34	56	386.4
HBA	2010	8	3	11	30	0	386.9
HBA	2010	8	3	11	30	0	387.06
HBA	2010	8	9	12	36	0	386.95
HBA	2010	8	9	12	36	0	386.97
HBA	2010	8	18	15	0	0	387.09
HBA	2010	8	18	15	0	0	387.08
HBA	2010	8	26	12	20	0	387.29
HBA	2010	8	26	12	20	0	387.22
HBA	2010	8	31	16	0	0	387.32
HBA	2010	8	31	16	0	0	387.38
HBA	2010	9	6	17	50	0	387.59
HBA	2010	9	6	17	50	0	387.36
HBA	2010	9	13	12	44	0	387.41
HBA	2010	9	13	12	44	0	387.4
HBA	2010	9	21	11	30	0	387.41
HBA	2010	9	21	11	30	0	387.43
HBA	2010	9	30	15	0	0	387.44
HBA	2010	9	30	15	0	0	387.49
HBA	2010	10	8	14	55	0	387.44
HBA	2010	10	8	14	55	0	387.45
HBA	2010	10	13	12	33	0	387.49
HBA	2010	10	13	12	33	0	387.45
HBA	2010	10	25	15	16	0	387.43
HBA	2010	10	25	15	16	0	387.4
HBA	2010	11	1	20	35	0	387.47
HBA	2010	11	1	20	35	0	387.55
HBA	2010	11	10	15	3	0	387.52
HBA	2010	11	10	15	3	0	387.45
HBA	2010	11	18	20	45	0	387.61
HBA	2010	11	18	20	45	0	387.48
HBA	2010	11	25	14	50	0	387.67
HBA	2010	11	25	14	50	0	387.53
HBA	2010	12	1	19	30	0	387.46
HBA	2010	12	1	19	30	0	387.46
HBA	2010	12	9	20	40	0	387.44
HBA	2010	12	9	20	40	0	387.43
HBA	2010	12	14	14	0	0	387.37
HBA	2010	12	14	14	0	0	387.18
HBA	2010	12	24	18	38	0	387.15
HBA	2010	12	24	18	38	0	387.34
HBA	2010	12	31	21	0	0	386.96
HBA	2010	12	31	21	0	0	386.95
HBA	2011	1	5	19	0	0	386.9
HBA	2011	1	5	19	0	0	386.98
HBA	2011	1	14	19	30	0	387.24
HBA	2011	1	14	19	30	0	387.31
HBA	2011	1	21	16	0	0	386.95
HBA	2011	1	21	16	0	0	386.96
HBA	2011	1	26	14	30	0	386.74
HBA	2011	1	26	14	30	0	386.7
HBA	2011	2	5	18	0	0	386.2
HBA	2011	2	5	18	0	0	386.22
HBA	2011	2	11	15	15	0	386.97
HBA	2011	2	11	15	15	0	387
HBA	2011	2	20	14	45	0	386.36
HBA	2011	2	20	14	45	0	386.35
HBA	2011	2	27	16	0	0	386.61
HBA	2011	2	27	16	0	0	386.54
HBA	2011	3	3	17	15	0	386.85
HBA	2011	3	3	17	15	0	386.86
HBA	2011	3	12	15	40	0	386.63
HBA	2011	3	12	15	40	0	386.62
HBA	2011	3	18	10	0	0	386.7
HBA	2011	3	18	10	0	0	386.73
HBA	2011	3	23	11	40	0	386.75
HBA	2011	3	23	11	40	0	386.66
HBA	2011	3	30	9	30	0	386.79
HBA	2011	3	30	9	30	0	386.81
HBA	2011	4	6	10	0	0	386.81
HBA	2011	4	6	10	0	0	386.9
HBA	2011	4	16	12	35	0	386.87
HBA	2011	4	16	12	35	0	386.86
HBA	2011	4	21	13	35	0	386.93
HBA	2011	4	21	13	35	0	386.89
HBA	2011	4	30	9	30	0	387.11
HBA	2011	4	30	9	30	0	387.04
HBA	2011	5	4	10	15	0	387.07
HBA	2011	5	4	10	15	0	387.06
HBA	2011	5	16	0	20	0	387.18
HBA	2011	5	16	0	20	0	387.15
HBA	2011	5	26	8	30	0	387.37
HBA	2011	5	26	8	30	0	387.34
HBA	2011	6	1	14	40	0	387.4
HBA	2011	6	1	14	40	0	387.43
HBA	2011	6	10	10	15	0	387.52
HBA	2011	6	10	10	15	0	387.48
HBA	2011	6	15	9	55	0	387.46
HBA	2011	6	15	9	55	0	387.44
HBA	2011	6	23	13	35	0	387.67
HBA	2011	6	23	13	35	0	387.67
HBA	2011	6	30	7	5	0	387.73
HBA	2011	6	30	7	5	0	387.78
HBA	2011	7	7	9	20	0	387.86
HBA	2011	7	7	9	20	0	387.81
HBA	2011	7	14	9	25	0	388.03
HBA	2011	7	14	9	25	0	388
HBA	2011	7	24	10	55	0	387.89
HBA	2011	7	27	10	5	0	388.05
HBA	2011	7	27	10	5	0	388.11
HBA	2011	8	3	13	5	0	388.37
HBA	2011	8	3	13	5	0	388.29
HBA	2011	8	17	9	20	0	388.46
HBA	2011	8	17	9	20	0	388.42
HBA	2011	8	24	9	55	0	388.49
HBA	2011	8	24	9	55	0	388.52
HBA	2011	8	31	10	5	0	388.68
HBA	2011	8	31	10	5	0	388.72
HBA	2011	9	10	11	35	0	388.82
HBA	2011	9	10	11	35	0	388.71
HBA	2011	9	17	11	50	0	388.77
HBA	2011	9	17	11	50	0	388.79
HBA	2011	9	21	14	10	0	388.82
HBA	2011	9	21	14	10	0	388.07
HBA	2011	9	30	13	45	0	388.91
HBA	2011	9	30	13	45	0	388.95
HBA	2011	10	20	8	0	0	388.89
HBA	2011	10	20	8	0	0	389.01
HBA	2011	11	3	17	30	0	389.27
HBA	2011	11	3	17	30	0	388.97
HBA	2011	11	10	10	20	0	389.04
HBA	2011	11	10	10	20	0	389
HBA	2011	11	24	8	30	0	389.09
HBA	2011	11	24	8	30	0	389.05
HBA	2011	12	3	11	39	0	389.01
HBA	2011	12	3	11	39	0	389.03
HBA	2011	12	10	9	34	0	388.93
HBA	2011	12	10	9	34	0	389.03
HBA	2011	12	15	18	30	0	388.84
HBA	2011	12	15	18	30	0	388.83
HBA	2011	12	22	9	12	0	388.84
HBA	2011	12	22	9	12	0	388.91
HBA	2012	1	1	12	46	0	388.74
HBA	2012	1	1	12	46	0	388.77
HBA	2012	1	8	15	21	0	388.66
HBA	2012	1	8	15	21	0	388.7
HBA	2012	1	24	15	35	0	388.47
HBA	2012	1	24	15	35	0	388.58
HBA	2012	2	2	17	2	0	388.44
HBA	2012	2	2	17	2	0	388.5
HBA	2012	2	21	17	25	0	388.75
HBA	2012	2	21	17	25	0	388.78
HBA	2012	3	7	16	50	0	388.67
HBA	2012	3	7	16	50	0	388.68
HBA	2012	3	27	16	30	0	388.53
HBA	2012	3	27	16	30	0	388.6
HBA	2012	4	10	14	50	0	388.76
HBA	2012	4	10	14	50	0	388.9
HBA	2012	4	18	16	50	0	388.98
HBA	2012	4	18	16	50	0	389.01
HBA	2012	4	30	10	0	0	388.41
HBA	2012	4	30	10	0	0	388.84
HBA	2012	5	8	17	55	0	389
HBA	2012	5	8	17	55	0	389.01
HBA	2012	5	17	17	30	0	389.15
HBA	2012	5	17	17	30	0	389.1
HBA	2012	5	24	16	0	0	389.44
HBA	2012	5	24	16	0	0	389.34
HBA	2012	6	13	15	39	0	389.32
HBA	2012	6	13	15	39	0	389.34
HBA	2012	6	24	11	40	0	389.49
HBA	2012	6	24	11	40	0	385.82
HBA	2012	7	2	11	40	0	389.8
HBA	2012	7	2	11	40	0	389.88
HBA	2012	7	11	14	5	0	390.03
HBA	2012	7	11	14	5	0	390.06
HBA	2012	7	16	16	0	0	390.1
HBA	2012	7	16	16	0	0	390.15
HBA	2012	7	25	16	15	0	390.38
HBA	2012	7	25	16	15	0	390.28
HBA	2012	8	1	17	25	0	390.53
HBA	2012	8	1	17	25	0	390.48
HBA	2012	8	8	11	50	0	390.69
HBA	2012	8	8	11	50	0	390.7
HBA	2012	8	15	15	25	0	390.67
HBA	2012	8	15	15	25	0	391.38
HBA	2012	8	24	11	40	0	390.89
HBA	2012	8	24	11	40	0	390.86
HBA	2012	8	30	14	20	0	390.92
HBA	2012	8	30	14	20	0	390.91
HBA	2012	9	11	11	30	0	391.01
HBA	2012	9	11	11	30	0	391.15
HBA	2012	9	20	11	35	0	391.28
HBA	2012	9	20	11	35	0	391.22
HBA	2012	10	1	14	10	0	391.19
HBA	2012	10	1	14	10	0	391.27
HBA	2012	10	8	15	45	0	391.32
HBA	2012	10	8	15	45	0	391.25
HBA	2012	10	18	15	25	0	391.24
HBA	2012	10	18	15	25	0	391.3
HBA	2012	11	2	12	3	0	391.19
HBA	2012	11	2	12	3	0	391.21
HBA	2012	11	8	18	0	0	391.2
HBA	2012	11	8	18	0	0	391.14
HBA	2012	11	14	16	0	0	391.24
HBA	2012	11	14	16	0	0	391.25
HBA	2012	11	21	16	45	0	391.01
HBA	2012	11	21	16	45	0	390.99
HBA	2012	11	29	14	15	0	391.17
HBA	2012	11	29	14	15	0	391.27
HBA	2012	12	8	11	30	0	391.38
HBA	2012	12	8	11	30	0	391.33
HBA	2012	12	13	11	0	0	390.79
HBA	2012	12	13	11	0	0	390.59
HBA	2012	12	26	15	44	0	390.86
HBA	2012	12	26	15	44	0	390.92
HBA	2012	12	30	15	25	0	390.73
HBA	2012	12	30	15	25	0	390.7
HBA	2013	1	8	17	35	0	390.46
HBA	2013	1	8	17	35	0	390.74
HBA	2013	1	21	20	35	0	391.02
HBA	2013	1	21	20	35	0	391
HBA	2013	2	1	20	30	0	390.81
HBA	2013	2	1	20	30	0	390.95
HBA	2013	2	8	11	20	0	391.35
HBA	2013	2	8	11	20	0	391.33
HBA	2013	2	20	15	45	0	390.68
HBA	2013	2	20	15	45	0	390.64
HBA	2013	2	27	11	55	0	390.93
HBA	2013	2	27	11	55	0	391.02
HBA	2013	3	6	17	25	0	391.3
HBA	2013	3	6	17	25	0	391.41
HBA	2013	3	13	12	34	56	390.93
HBA	2013	3	13	12	34	56	390.9
HBA	2013	3	20	11	0	0	391.01
HBA	2013	3	20	11	0	0	391.09
HBA	2013	3	28	14	45	0	391.34
HBA	2013	3	28	14	45	0	391.46
HBA	2013	4	3	16	30	0	391.54
HBA	2013	4	3	16	30	0	391.52
HBA	2013	4	12	14	50	0	391.69
HBA	2013	4	12	14	50	0	391.93
HBA	2013	4	20	16	0	0	391.57
HBA	2013	4	20	16	0	0	391.53
HBA	2013	4	28	14	45	0	391.78
HBA	2013	4	28	14	45	0	391.81
HBA	2013	5	4	12	0	0	392
HBA	2013	5	4	12	0	0	391.83
HBA	2013	5	10	17	45	0	392
HBA	2013	5	10	17	45	0	392.07
HBA	2013	5	17	14	47	0	391.96
HBA	2013	5	17	14	47	0	392.1
HBA	2013	5	23	17	5	0	392.21
HBA	2013	5	23	17	5	0	392.3
HBA	2013	5	30	15	17	0	392.28
HBA	2013	5	30	15	17	0	392.21
HBA	2013	6	11	16	50	0	392.5
HBA	2013	6	11	16	50	0	392.44
HBA	2013	6	18	12	0	0	392.55
HBA	2013	6	18	12	0	0	392.35
HBA	2013	6	28	17	0	0	392.8
HBA	2013	7	3	15	10	0	392.86
HBA	2013	7	3	15	10	0	393
HBA	2013	7	11	11	0	0	392.91
HBA	2013	7	11	11	0	0	392.95
HBA	2013	7	17	15	26	0	393.1
HBA	2013	7	17	15	26	0	392.92
HBA	2013	7	23	16	40	0	393.12
HBA	2013	7	23	16	40	0	393.23
HBA	2013	7	30	14	5	0	393.27
HBA	2013	7	30	14	5	0	393.3
HBA	2013	8	6	10	32	0	393.48
HBA	2013	8	6	10	32	0	393.58
HBA	2013	8	15	12	46	0	393.57
HBA	2013	8	15	12	46	0	393.58
HBA	2013	8	21	10	49	0	393.78
HBA	2013	8	21	10	49	0	393.75
HBA	2013	8	27	21	52	0	393.8
HBA	2013	8	27	21	52	0	393.83
HBA	2013	9	3	14	14	0	393.9
HBA	2013	9	3	14	14	0	393.86
HBA	2013	9	9	10	47	0	393.76
HBA	2013	9	9	10	47	0	393.75
HBA	2013	9	16	17	13	0	393.98
HBA	2013	9	16	17	13	0	393.93
HBA	2013	9	23	18	0	0	393.88
HBA	2013	9	23	18	0	0	393.93
HBA	2013	10	2	14	40	0	393.99
HBA	2013	10	2	14	40	0	393.97
HBA	2013	10	8	10	3	0	394.08
HBA	2013	10	8	10	3	0	393.9
HBA	2013	10	14	11	0	0	393.91
HBA	2013	10	14	11	0	0	393.9
HBA	2013	10	21	11	3	0	394.05
HBA	2013	10	21	11	3	0	393.97
HBA	2013	10	28	11	6	0	393.97
HBA	2013	10	28	11	6	0	394.06
HBA	2013	11	2	14	50	0	394.02
HBA	2013	11	2	14	50	0	394.02
HBA	2013	11	16	11	7	0	393.97
HBA	2013	11	16	11	7	0	393.98
HBA	2013	11	23	11	8	0	393.94
HBA	2013	11	23	11	8	0	393.92
HBA	2013	11	30	10	59	0	394.08
HBA	2013	11	30	10	59	0	393.9
HBA	2013	12	6	11	7	0	393.89
HBA	2013	12	6	11	7	0	393.9
HBA	2013	12	13	11	6	0	393.82
HBA	2013	12	13	11	6	0	393.94
HBA	2013	12	23	16	48	0	394.01
HBA	2013	12	23	16	48	0	393.8
HBA	2013	12	29	18	0	0	393.73
HBA	2013	12	29	18	0	0	393.67
HBA	2014	1	5	11	22	0	393.47
HBA	2014	1	5	11	22	0	393.49
HBA	2014	1	14	11	40	0	393.4
HBA	2014	1	14	11	40	0	393.32
HBA	2014	1	20	12	35	0	393.68
HBA	2014	1	20	12	35	0	393.54
HBA	2014	1	29	15	50	0	393.51
HBA	2014	1	29	15	50	0	393.65
HBA	2014	2	4	9	57	0	393.56
HBA	2014	2	4	9	57	0	395.57
HBA	2014	2	12	18	10	0	393.85
HBA	2014	2	12	18	10	0	394.48
HBA	2014	2	17	16	4	0	393.44
HBA	2014	2	17	16	4	0	393.52
HBA	2014	2	27	17	48	0	393.26
HBA	2014	2	27	17	48	0	393.4
HBA	2014	3	2	11	23	0	393.5
HBA	2014	3	2	11	23	0	393.53
HBA	2014	3	10	10	36	0	393.76
HBA	2014	3	10	10	36	0	393.79
HBA	2014	3	17	11	15	0	393.44
HBA	2014	3	17	11	15	0	393.58
HBA	2014	3	30	11	8	0	393.53
HBA	2014	3	30	11	8	0	393.61
HBA	2014	4	17	11	26	0	393.88
HBA	2014	4	17	11	26	0	393.87
HBA	2014	4	28	14	50	0	393.91
HBA	2014	4	28	14	50	0	394.84
HBA	2014	5	5	10	27	0	393.89
HBA	2014	5	5	10	27	0	393.95
HBA	2014	5	12	10	23	0	394.1
HBA	2014	5	12	10	23	0	394.11
HBA	2014	5	20	10	27	0	394.26
HBA	2014	5	20	10	27	0	393.86
HBA	2014	5	28	14	59	0	394.37
HBA	2014	5	28	14	59	0	394.3
HBA	2014	6	2	10	22	0	394.28
HBA	2014	6	2	10	22	0	394.38
HBA	2014	6	9	10	16	0	394.39
HBA	2014	6	9	10	16	0	394.36
HBA	2014	6	27	11	29	0	394.5
HBA	2014	6	27	11	29	0	394.7
HBA	2014	7	7	14	26	0	395.11
HBA	2014	7	7	14	26	0	395.06
HBA	2014	7	14	10	34	0	395.04
HBA	2014	7	14	10	34	0	394.8
HBA	2014	7	22	11	38	0	395.11
HBA	2014	7	22	11	38	0	395.09
HBA	2014	8	18	18	20	0	395.49
HBA	2014	8	18	18	20	0	395.54
HBA	2014	8	26	11	30	0	395.7
HBA	2014	8	26	11	30	0	395.58
HBA	2014	9	9	21	17	0	395.79
HBA	2014	9	9	21	17	0	395.73
HBA	2014	9	15	16	34	0	395.85
HBA	2014	9	15	16	34	0	395.83
HBA	2014	9	29	15	10	0	396.14
HBA	2014	9	29	15	10	0	396.14
HBA	2014	10	6	15	37	0	395.88
HBA	2014	10	6	15	37	0	395.89
HBA	2014	10	13	12	35	0	395.91
HBA	2014	10	22	12	46	0	395.87
HBA	2014	10	22	12	46	0	395.95
HBA	2014	10	27	17	20	0	395.94
HBA	2014	10	27	17	20	0	395.79
HBA	2014	11	3	20	0	0	395.89
HBA	2014	11	3	20	0	0	395.92
HBA	2014	11	11	4	35	0	395.92
HBA	2014	11	11	4	35	0	396.02
HBA	2014	11	17	21	17	0	395.96
HBA	2014	11	17	21	17	0	395.86
HBA	2014	11	25	12	48	0	395.81
HBA	2014	11	25	12	48	0	395.83
HBA	2014	12	4	17	31	0	395.59
HBA	2014	12	4	17	31	0	395.54
HBA	2014	12	8	21	10	0	395.75
HBA	2014	12	8	21	10	0	395.64
HBA	2014	12	15	17	55	0	395.69
HBA	2014	12	15	17	55	0	395.73
HBA	2014	12	23	14	57	0	395.31
HBA	2014	12	23	14	57	0	395.41
HBA	2015	1	5	16	2	0	395.38
HBA	2015	1	5	16	2	0	395.41
HBA	2015	1	12	12	42	0	395.58
HBA	2015	1	12	12	42	0	395.51
HBA	2015	1	20	11	47	0	395.33
HBA	2015	1	20	11	47	0	395.27
HBA	2015	1	29	15	58	0	395.65
HBA	2015	1	29	15	58	0	395.62
HBA	2015	2	10	20	5	0	395.41
HBA	2015	2	10	20	5	0	395.44
HBA	2015	2	16	17	52	0	395.64
HBA	2015	2	16	17	52	0	395.56
HBA	2015	2	25	12	55	0	395.62
HBA	2015	2	25	12	55	0	395.44
HBA	2015	3	2	13	7	0	395.74
HBA	2015	3	2	13	7	0	395.63
HBA	2015	3	8	11	40	0	395.48
HBA	2015	3	16	9	48	0	395.42
HBA	2015	3	16	9	48	0	395.38
HBA	2015	3	26	9	48	0	396
HBA	2015	3	26	9	48	0	395.98
HBA	2015	4	6	9	39	0	396.08
HBA	2015	4	6	9	39	0	396.05
HBA	2015	4	15	9	44	0	396.03
HBA	2015	4	15	9	44	0	395.93
HBA	2015	4	23	15	27	0	396.09
HBA	2015	4	23	15	27	0	396.04
HBA	2015	4	29	17	0	0	396.37
HBA	2015	4	29	17	0	0	396.08
HBA	2015	5	5	11	26	0	396.31
HBA	2015	5	5	11	26	0	396.36
HBA	2015	5	13	16	40	0	396.48
HBA	2015	5	13	16	40	0	396.35
HBA	2015	5	18	9	47	0	396.48
HBA	2015	5	18	9	47	0	396.61
HBA	2015	5	26	9	48	0	396.7
HBA	2015	5	26	9	48	0	396.81
HBA	2015	6	1	12	20	0	396.9
HBA	2015	6	1	12	20	0	396.8
HBA	2015	6	8	11	33	0	396.93
HBA	2015	6	8	11	33	0	396.85
HBA	2015	6	16	9	49	0	396.97
HBA	2015	6	16	9	49	0	396.75
HBA	2015	6	22	12	18	0	397.99
HBA	2015	6	22	12	18	0	397.02
HBA	2015	6	29	12	34	0	397.14
HBA	2015	6	29	12	34	0	397.18
HBA	2015	7	11	9	50	0	397.23
HBA	2015	7	11	9	50	0	397.46
HBA	2015	7	17	9	56	0	397.47
HBA	2015	7	17	9	56	0	397.31
HBA	2015	7	23	12	29	0	397.62
HBA	2015	7	23	12	29	0	397.6
HBA	2015	8	8	9	25	0	397.78
HBA	2015	8	8	9	25	0	397.85
HBA	2015	8	11	9	30	0	397.95
HBA	2015	8	11	9	30	0	398.37
HBA	2015	8	17	9	47	0	397.93
HBA	2015	8	17	9	47	0	398.11
HBA	2015	8	24	9	51	0	398.23
HBA	2015	8	24	9	51	0	405.55
HBA	2015	9	1	9	37	0	398.27
HBA	2015	9	1	9	37	0	398.31
HBA	2015	9	7	9	53	0	398.35
HBA	2015	9	7	9	53	0	398.44
HBA	2015	9	15	9	57	0	398.38
HBA	2015	9	15	9	57	0	398.42
HBA	2015	9	21	14	57	0	398.52
HBA	2015	9	21	14	57	0	398.52
HBA	2015	10	6	9	29	0	398.53
HBA	2015	10	6	9	29	0	398.39
HBA	2015	10	12	9	45	0	398.65
HBA	2015	10	12	9	45	0	398.66
HBA	2015	10	19	11	21	0	398.58
HBA	2015	10	19	11	21	0	398.49
HBA	2015	10	28	9	40	0	398.67
HBA	2015	10	28	9	40	0	398.58
HBA	2015	11	2	15	31	0	398.58
HBA	2015	11	2	15	31	0	398.57
HBA	2015	11	11	11	14	0	398.94
HBA	2015	11	11	11	14	0	398.54
HBA	2015	11	16	17	25	0	398.43
HBA	2015	11	16	17	25	0	398.45
HBA	2015	11	24	10	17	0	398.54
HBA	2015	11	24	10	17	0	398.53
HBA	2015	11	30	13	32	0	399.05
HBA	2015	11	30	13	32	0	398.52
HBA	2015	12	7	9	31	0	398.6
HBA	2015	12	7	9	31	0	398.62
HBA	2015	12	18	9	24	0	-999.99
HBA	2015	12	18	9	24	0	400.36
HBA	2015	12	18	9	24	0	398.61
HBA	2015	12	22	9	37	0	398.51
HBA	2015	12	22	9	37	0	398.57
HBA	2015	12	30	9	48	0	398.55
HBA	2015	12	30	9	48	0	398.44
HBA	2016	1	4	11	49	0	398.77
HBA	2016	1	4	11	49	0	398.83
HBA	2016	1	13	13	13	0	398.02
HBA	2016	1	13	13	13	0	398.16
HBA	2016	1	20	11	49	0	398.43
HBA	2016	1	20	11	49	0	398.31
HBA	2016	1	26	11	37	0	398.6
HBA	2016	1	26	11	37	0	398.48
HBA	2016	2	1	9	55	0	398.77
HBA	2016	2	1	9	55	0	398.7
HBA	2016	2	9	9	34	0	398.06
HBA	2016	2	9	9	34	0	398.06
HBA	2016	2	15	10	0	0	398.03
HBA	2016	2	15	10	0	0	398.08
HBA	2016	2	25	9	42	0	398.33
HBA	2016	2	25	9	42	0	398.34
HBA	2016	2	29	9	51	0	398.14
HBA	2016	2	29	9	51	0	398.13
HBA	2016	3	14	10	0	0	399.16
HBA	2016	3	14	10	0	0	399.27
HBA	2016	3	20	9	47	0	398.8
HBA	2016	3	20	9	47	0	398.79
HBA	2016	3	28	10	3	0	398.79
HBA	2016	3	28	10	3	0	398.75
HBA	2016	4	6	16	46	0	399
HBA	2016	4	6	16	46	0	398.93
HBA	2016	4	13	10	0	0	399.19
HBA	2016	4	13	10	0	0	399.15
HBA	2016	4	20	17	5	0	399.71
HBA	2016	4	20	17	5	0	399.53
HBA	2016	4	26	14	37	0	399.79
HBA	2016	4	26	14	37	0	399.79
HBA	2016	5	3	11	48	0	399.65
HBA	2016	5	3	11	48	0	399.74
HBA	2016	5	9	10	52	0	399.82
HBA	2016	5	9	10	52	0	399.89
HBA	2016	5	18	10	14	0	399.99
HBA	2016	5	18	10	14	0	399.96
HBA	2016	5	27	10	21	0	400.15
HBA	2016	5	27	10	21	0	400.14
HBA	2016	5	31	15	18	0	400.24
HBA	2016	5	31	15	18	0	400.22
HBA	2016	6	6	9	57	0	400.51
HBA	2016	6	6	9	57	0	400.52
HBA	2016	6	15	10	32	0	400.56
HBA	2016	6	15	10	32	0	400.48
HBA	2016	6	27	10	4	0	400.73
HBA	2016	6	27	10	4	0	402.29
HBA	2016	7	6	10	3	0	401.62
HBA	2016	7	6	10	3	0	400.98
HBA	2016	7	18	10	15	0	401.11
HBA	2016	7	18	10	15	0	401.11
HBA	2016	7	27	11	48	0	401.33
HBA	2016	7	27	11	48	0	401.35
HBA	2016	8	1	12	29	0	401.43
HBA	2016	8	1	12	29	0	401.44
HBA	2016	8	8	16	57	0	401.47
HBA	2016	8	8	16	57	0	401.49
HBA	2016	8	15	10	21	0	401.51
HBA	2016	8	15	10	21	0	401.53
HBA	2016	8	24	10	10	0	401.81
HBA	2016	8	24	10	10	0	401.6
HBA	2016	8	31	10	20	0	401.65
HBA	2016	8	31	10	20	0	401.62
HBA	2016	9	7	10	37	0	401.71
HBA	2016	9	7	10	37	0	401.61
HBA	2016	9	19	10	56	0	401.72
HBA	2016	9	19	10	56	0	401.74
HBA	2016	9	27	10	24	0	401.75
HBA	2016	9	27	10	24	0	401.81
HBA	2016	10	11	10	34	0	401.86
HBA	2016	10	11	10	34	0	401.78
HBA	2016	10	18	14	27	0	401.99
HBA	2016	10	18	14	27	0	401.96
HBA	2016	10	26	12	28	0	401.78
HBA	2016	10	26	12	28	0	401.81
HBA	2016	11	7	10	27	0	401.72
HBA	2016	11	7	10	27	0	401.71
HBA	2016	11	17	14	17	0	401.59
HBA	2016	11	17	14	17	0	401.63
HBA	2016	11	24	10	25	0	401.82
HBA	2016	11	24	10	25	0	401.74
HBA	2016	11	29	11	7	0	401.54
HBA	2016	11	29	11	7	0	401.55
HBA	2016	12	10	10	48	0	401.5
HBA	2016	12	10	10	48	0	401.4
HBA	2016	12	13	15	50	0	401.72
HBA	2016	12	13	15	50	0	401.37
HBA	2016	12	24	11	38	0	401.28
HBA	2016	12	24	11	38	0	401.37
HBA	2017	1	2	17	6	0	401.38
HBA	2017	1	2	17	6	0	401.51
HBA	2017	1	12	18	23	0	401.14
HBA	2017	1	12	18	23	0	401.17
HBA	2017	1	16	17	7	0	401.07
HBA	2017	1	23	17	53	0	401.36
HBA	2017	1	23	17	53	0	401.4
